>CTTAACTGAWGA	18-TCWTCAGTTAAG	13.053661	-59.306996	0	T:12.0(5.63%),B:9.9(0.02%),P:1e-25
0.284	0.650	0.065	0.001
0.065	0.001	0.343	0.591
0.001	0.065	0.130	0.804
0.805	0.065	0.065	0.065
0.869	0.001	0.065	0.065
0.001	0.804	0.130	0.065
0.001	0.130	0.136	0.733
0.196	0.065	0.674	0.065
0.934	0.001	0.064	0.001
0.465	0.001	0.001	0.533
0.057	0.065	0.807	0.071
0.807	0.130	0.062	0.001
