>CAGGCCAGCCGG	16-CCGGCTGGCCTG	9.955450	-63.387246	0	T:53.0(24.88%),B:1845.8(3.74%),P:1e-27
0.015	0.543	0.329	0.113
0.516	0.227	0.234	0.023
0.344	0.001	0.600	0.055
0.044	0.217	0.676	0.063
0.024	0.816	0.110	0.050
0.064	0.891	0.044	0.001
0.794	0.056	0.108	0.042
0.023	0.017	0.694	0.266
0.024	0.882	0.093	0.001
0.127	0.437	0.227	0.208
0.337	0.022	0.620	0.021
0.194	0.056	0.698	0.052
