>CTCCTCGGCGCC	22-CTCCTCGGCGCC	9.056001	-20.154248	0	T:51.0(23.94%),B:4850.9(9.84%),P:1e-8
0.001	0.634	0.364	0.001
0.001	0.259	0.011	0.729
0.001	0.694	0.046	0.259
0.105	0.712	0.001	0.182
0.112	0.064	0.001	0.823
0.019	0.565	0.237	0.179
0.001	0.146	0.753	0.100
0.001	0.060	0.730	0.209
0.093	0.770	0.083	0.054
0.062	0.029	0.908	0.001
0.064	0.761	0.174	0.001
0.064	0.934	0.001	0.001
