>CTGSCHGSCAGH	20-CTGSCHGSCAGH,BestGuess:Tlx?(NR)/NPC-H3K4me1-ChIP-Seq(GSE16256)/Homer(0.673)	10.486173	-55.535638	0	T:39.0(18.31%),B:1035.2(2.10%),P:1e-24
0.072	0.740	0.001	0.187
0.156	0.065	0.001	0.778
0.001	0.001	0.957	0.041
0.065	0.477	0.336	0.122
0.147	0.750	0.001	0.102
0.337	0.305	0.123	0.235
0.151	0.092	0.756	0.001
0.032	0.408	0.393	0.168
0.001	0.845	0.010	0.144
0.706	0.181	0.023	0.090
0.001	0.267	0.731	0.001
0.264	0.358	0.011	0.367
