>CCGGCTGGCCTG	16-CCGGCTGGCCTG,BestGuess:Zic3(Zf)/mES-Zic3-ChIP-Seq(GSE37889)/Homer(0.656)	9.955450	-63.387246	0	T:53.0(24.88%),B:1845.8(3.74%),P:1e-27
0.052	0.698	0.056	0.194
0.021	0.620	0.022	0.337
0.208	0.227	0.437	0.127
0.001	0.093	0.882	0.024
0.266	0.694	0.017	0.023
0.042	0.108	0.056	0.794
0.001	0.044	0.891	0.064
0.050	0.110	0.816	0.024
0.063	0.676	0.217	0.044
0.055	0.600	0.001	0.344
0.023	0.234	0.227	0.516
0.113	0.329	0.543	0.015
