>TCTCCTCGGCGC	21-TCTCCTCGGCGC	9.313633	-36.682950	0	T:54.0(25.35%),B:3484.2(7.06%),P:1e-15
0.138	0.057	0.176	0.629
0.001	0.909	0.054	0.036
0.167	0.096	0.027	0.710
0.001	0.896	0.062	0.041
0.017	0.897	0.027	0.059
0.126	0.043	0.084	0.747
0.091	0.584	0.272	0.053
0.183	0.107	0.597	0.113
0.044	0.058	0.886	0.012
0.096	0.711	0.058	0.135
0.070	0.211	0.653	0.066
0.042	0.909	0.013	0.036
