>DCTGSCDGSCAG	20-CTGSCHGSCAGH	10.486173	-55.535638	0	T:39.0(18.31%),B:1035.2(2.10%),P:1e-24
0.367	0.011	0.358	0.264
0.001	0.731	0.267	0.001
0.090	0.023	0.181	0.706
0.144	0.010	0.845	0.001
0.168	0.393	0.408	0.032
0.001	0.756	0.092	0.151
0.235	0.123	0.305	0.337
0.102	0.001	0.750	0.147
0.122	0.336	0.477	0.065
0.041	0.957	0.001	0.001
0.778	0.001	0.065	0.156
0.187	0.001	0.740	0.072
