>TCWTCAGTTAAG	18-TCWTCAGTTAAG,BestGuess:PB0081.1_Tcf1_1/Jaspar(0.668)	13.053661	-59.306996	0	T:12.0(5.63%),B:9.9(0.02%),P:1e-25
0.001	0.062	0.130	0.807
0.071	0.807	0.065	0.057
0.533	0.001	0.001	0.465
0.001	0.064	0.001	0.934
0.065	0.674	0.065	0.196
0.733	0.136	0.130	0.001
0.065	0.130	0.804	0.001
0.065	0.065	0.001	0.869
0.065	0.065	0.065	0.805
0.804	0.130	0.065	0.001
0.591	0.343	0.001	0.065
0.001	0.065	0.650	0.284
