>RTGTCTAGCTAA	5-RTGTCTAGCTAA	10.887959	-88.300005	0	T:41.0(19.25%),B:500.2(1.01%),P:1e-38
0.447	0.031	0.463	0.059
0.085	0.001	0.053	0.861
0.241	0.031	0.680	0.048
0.141	0.036	0.001	0.822
0.062	0.857	0.054	0.027
0.082	0.045	0.001	0.872
0.806	0.027	0.099	0.068
0.055	0.081	0.809	0.055
0.052	0.793	0.054	0.101
0.051	0.108	0.025	0.816
0.616	0.161	0.116	0.107
0.624	0.208	0.110	0.058
