>NAAATGCAAATN	11-NAAATGCAAATN,BestGuess:POU2F2/MA0507.1/Jaspar(0.885)	8.294353	-33.186410	0	T:19.0(9.22%),B:371.0(0.75%),P:1e-14
0.244	0.303	0.245	0.209
0.662	0.120	0.113	0.105
0.660	0.097	0.139	0.104
0.666	0.124	0.118	0.092
0.160	0.072	0.139	0.629
0.123	0.096	0.662	0.119
0.158	0.568	0.132	0.142
0.683	0.136	0.088	0.093
0.642	0.115	0.165	0.078
0.666	0.130	0.103	0.101
0.130	0.125	0.187	0.558
0.199	0.256	0.302	0.243
