>GGGGCGGGGTCA	21-GGGGCGGGGTCA,BestGuess:PB0039.1_Klf7_1/Jaspar(0.833)	9.283234	-17.073371	0	T:22.0(10.68%),B:1299.5(2.64%),P:1e-7
0.109	0.066	0.720	0.105
0.072	0.073	0.754	0.101
0.102	0.055	0.700	0.143
0.180	0.171	0.609	0.040
0.142	0.612	0.175	0.071
0.109	0.098	0.677	0.116
0.102	0.113	0.719	0.066
0.138	0.116	0.657	0.089
0.057	0.120	0.675	0.148
0.126	0.099	0.170	0.605
0.049	0.713	0.170	0.068
0.564	0.110	0.156	0.170
