>NATTTGCATTTN	11-NAAATGCAAATN	8.294353	-33.186410	0	T:19.0(9.22%),B:371.0(0.75%),P:1e-14
0.243	0.302	0.256	0.199
0.558	0.187	0.125	0.130
0.101	0.103	0.130	0.666
0.078	0.165	0.115	0.642
0.093	0.088	0.136	0.683
0.142	0.132	0.568	0.158
0.119	0.662	0.096	0.123
0.629	0.139	0.072	0.160
0.092	0.118	0.124	0.666
0.104	0.139	0.097	0.660
0.105	0.113	0.120	0.662
0.209	0.245	0.303	0.244
