>GTCCTGTCGWCT	20-GTCCTGTCGWCT	10.494746	-21.859806	0	T:13.0(6.31%),B:281.3(0.57%),P:1e-9
0.001	0.043	0.907	0.049
0.057	0.099	0.093	0.751
0.001	0.857	0.065	0.077
0.030	0.876	0.001	0.093
0.048	0.035	0.044	0.873
0.001	0.131	0.805	0.063
0.015	0.125	0.132	0.728
0.080	0.571	0.299	0.050
0.141	0.128	0.580	0.151
0.437	0.144	0.114	0.305
0.001	0.886	0.087	0.026
0.133	0.099	0.035	0.733
