>TGACCCCGCCCC	21-GGGGCGGGGTCA	9.283234	-17.073371	0	T:22.0(10.68%),B:1299.5(2.64%),P:1e-7
0.170	0.156	0.110	0.564
0.068	0.170	0.713	0.049
0.605	0.170	0.099	0.126
0.148	0.675	0.120	0.057
0.089	0.657	0.116	0.138
0.066	0.719	0.113	0.102
0.116	0.677	0.098	0.109
0.071	0.175	0.612	0.142
0.040	0.609	0.171	0.180
0.143	0.700	0.055	0.102
0.101	0.754	0.073	0.072
0.105	0.720	0.066	0.109
