>ACCAATCGGC	1-ACCAATCGGC	9.671090	-100.058005	0	T:47.0(22.07%),B:593.1(1.20%),P:1e-43	Tpos:483.0,Tstd:371.2,Bpos:410.4,Bstd:358.0,StrandBias:-0.4,Multiplicity:2.89
0.694	0.090	0.091	0.125
0.059	0.756	0.065	0.120
0.121	0.792	0.047	0.040
0.718	0.165	0.047	0.070
0.850	0.036	0.052	0.062
0.332	0.085	0.045	0.538
0.064	0.759	0.100	0.077
0.322	0.069	0.536	0.073
0.103	0.255	0.595	0.047
0.075	0.762	0.110	0.053
>GTATCTAGCT	2-GTATCTAGCT	11.231017	-91.070569	0	T:41.0(19.25%),B:466.5(0.95%),P:1e-39	Tpos:460.2,Tstd:333.8,Bpos:430.0,Bstd:388.7,StrandBias:-0.1,Multiplicity:1.85
0.098	0.072	0.829	0.001
0.001	0.001	0.001	0.997
0.597	0.001	0.401	0.001
0.107	0.098	0.001	0.794
0.001	0.758	0.082	0.159
0.001	0.159	0.001	0.839
0.997	0.001	0.001	0.001
0.356	0.001	0.642	0.001
0.001	0.913	0.001	0.085
0.001	0.001	0.107	0.891
>GAGAACCTTT	3-GAGAACCTTT	9.448764	-86.618344	0	T:50.0(23.47%),B:963.7(1.95%),P:1e-37	Tpos:503.1,Tstd:332.5,Bpos:437.2,Bstd:324.6,StrandBias:-0.3,Multiplicity:1.80
0.043	0.015	0.916	0.026
0.859	0.065	0.039	0.037
0.056	0.051	0.797	0.096
0.603	0.325	0.001	0.071
0.784	0.137	0.048	0.031
0.086	0.755	0.023	0.136
0.029	0.785	0.061	0.125
0.040	0.034	0.016	0.910
0.023	0.064	0.050	0.863
0.021	0.028	0.206	0.745
>RTRTCTAGCT	4-RTRTCTAGCT	11.263991	-86.459314	0	T:38.0(17.84%),B:407.1(0.83%),P:1e-37	Tpos:496.4,Tstd:313.8,Bpos:431.0,Bstd:390.5,StrandBias:-0.4,Multiplicity:2.82
0.455	0.071	0.449	0.025
0.070	0.001	0.037	0.892
0.504	0.011	0.484	0.001
0.041	0.001	0.275	0.683
0.022	0.926	0.015	0.037
0.014	0.001	0.001	0.984
0.962	0.011	0.026	0.001
0.021	0.001	0.961	0.017
0.263	0.686	0.017	0.034
0.001	0.021	0.019	0.959
>CTTATCTGCC	5-CTTATCTGCC	10.949711	-84.728108	0	T:47.0(22.07%),B:836.8(1.70%),P:1e-36	Tpos:547.6,Tstd:344.2,Bpos:425.4,Bstd:278.0,StrandBias:0.0,Multiplicity:1.30
0.001	0.997	0.001	0.001
0.001	0.408	0.001	0.590
0.001	0.001	0.001	0.997
0.997	0.001	0.001	0.001
0.001	0.001	0.221	0.777
0.001	0.997	0.001	0.001
0.001	0.176	0.001	0.822
0.001	0.327	0.671	0.001
0.001	0.780	0.218	0.001
0.001	0.997	0.001	0.001
>GGCGGGCTGA	6-GGCGGGCTGA	11.237349	-83.478269	0	T:48.0(22.54%),B:915.4(1.86%),P:1e-36	Tpos:577.4,Tstd:369.3,Bpos:434.0,Bstd:280.2,StrandBias:1.0,Multiplicity:1.13
0.107	0.001	0.891	0.001
0.001	0.001	0.997	0.001
0.001	0.798	0.001	0.200
0.001	0.001	0.997	0.001
0.001	0.001	0.997	0.001
0.001	0.108	0.890	0.001
0.001	0.970	0.001	0.028
0.001	0.001	0.001	0.997
0.001	0.001	0.997	0.001
0.997	0.001	0.001	0.001
>GGATTGTAAA	7-GGATTGTAAA	8.912082	-82.592121	0	T:42.0(19.72%),B:624.8(1.27%),P:1e-35	Tpos:505.4,Tstd:340.6,Bpos:413.1,Bstd:367.8,StrandBias:-0.1,Multiplicity:3.29
0.009	0.022	0.968	0.001
0.001	0.001	0.997	0.001
0.666	0.001	0.001	0.332
0.001	0.008	0.001	0.990
0.012	0.001	0.001	0.986
0.008	0.001	0.990	0.001
0.001	0.001	0.001	0.997
0.966	0.001	0.032	0.001
0.975	0.001	0.011	0.013
0.997	0.001	0.001	0.001
>TCTGGCGGGC	8-TCTGGCGGGC	8.588236	-80.813725	0	T:48.0(22.54%),B:972.0(1.97%),P:1e-35	Tpos:493.9,Tstd:246.2,Bpos:429.3,Bstd:282.3,StrandBias:-0.4,Multiplicity:1.00
0.076	0.001	0.001	0.922
0.001	0.997	0.001	0.001
0.001	0.001	0.001	0.997
0.001	0.001	0.997	0.001
0.001	0.001	0.997	0.001
0.001	0.997	0.001	0.001
0.069	0.001	0.929	0.001
0.001	0.001	0.997	0.001
0.001	0.001	0.997	0.001
0.001	0.997	0.001	0.001
>CAATCGASAC	9-CAATCGASAC	8.005706	-80.800400	0	T:66.0(30.99%),B:2277.5(4.62%),P:1e-35	Tpos:525.9,Tstd:363.4,Bpos:421.4,Bstd:289.6,StrandBias:0.2,Multiplicity:1.24
0.055	0.943	0.001	0.001
0.930	0.001	0.001	0.068
0.959	0.001	0.039	0.001
0.044	0.073	0.300	0.583
0.001	0.642	0.080	0.277
0.168	0.042	0.789	0.001
0.782	0.049	0.132	0.037
0.049	0.489	0.388	0.073
0.997	0.001	0.001	0.001
0.001	0.911	0.087	0.001
>AGTTCCGGGT	10-AGTTCCGGGT	7.169380	-80.748744	0	T:38.0(17.84%),B:476.9(0.97%),P:1e-35	Tpos:619.6,Tstd:322.4,Bpos:420.5,Bstd:262.9,StrandBias:-0.5,Multiplicity:1.00
0.971	0.001	0.027	0.001
0.001	0.001	0.997	0.001
0.001	0.001	0.001	0.997
0.001	0.001	0.001	0.997
0.001	0.997	0.001	0.001
0.001	0.997	0.001	0.001
0.001	0.001	0.997	0.001
0.001	0.001	0.997	0.001
0.047	0.034	0.918	0.001
0.001	0.001	0.001	0.997
>GTCACCTCTC	11-GTCACCTCTC	9.662036	-65.537615	0	T:41.0(19.25%),B:901.6(1.83%),P:1e-28	Tpos:662.3,Tstd:430.8,Bpos:451.7,Bstd:291.5,StrandBias:0.2,Multiplicity:1.00
0.001	0.001	0.997	0.001
0.001	0.001	0.001	0.997
0.001	0.997	0.001	0.001
0.997	0.001	0.001	0.001
0.046	0.925	0.001	0.028
0.001	0.997	0.001	0.001
0.001	0.017	0.001	0.981
0.001	0.973	0.025	0.001
0.001	0.001	0.001	0.997
0.001	0.997	0.001	0.001
>YCCTGTAAAA	12-YCCTGTAAAA	8.360461	-63.572941	0	T:44.0(20.66%),B:1147.0(2.33%),P:1e-27	Tpos:465.8,Tstd:390.9,Bpos:408.0,Bstd:286.9,StrandBias:-0.2,Multiplicity:1.45
0.071	0.476	0.073	0.381
0.030	0.513	0.136	0.321
0.043	0.879	0.001	0.077
0.058	0.160	0.092	0.690
0.237	0.232	0.530	0.001
0.139	0.001	0.027	0.833
0.526	0.249	0.039	0.186
0.908	0.001	0.036	0.055
0.631	0.243	0.088	0.038
0.578	0.081	0.001	0.340
>CCTTCTTWTA	13-CCTTCTTWTA	10.391196	-60.224868	0	T:37.0(17.37%),B:785.2(1.59%),P:1e-26	Tpos:500.9,Tstd:412.8,Bpos:435.2,Bstd:284.6,StrandBias:0.4,Multiplicity:1.19
0.332	0.666	0.001	0.001
0.001	0.997	0.001	0.001
0.001	0.001	0.001	0.997
0.001	0.001	0.207	0.791
0.001	0.997	0.001	0.001
0.327	0.001	0.001	0.671
0.001	0.001	0.001	0.997
0.459	0.001	0.001	0.539
0.001	0.001	0.001	0.997
0.666	0.001	0.332	0.001
>TCTAGTGGGG	14-TCTAGTGGGG	9.883870	-57.073615	0	T:46.0(21.60%),B:1508.0(3.06%),P:1e-24	Tpos:486.1,Tstd:322.5,Bpos:426.3,Bstd:303.7,StrandBias:-0.8,Multiplicity:2.17
0.042	0.070	0.035	0.853
0.033	0.933	0.010	0.024
0.044	0.292	0.023	0.641
0.702	0.016	0.147	0.135
0.087	0.008	0.819	0.086
0.313	0.016	0.109	0.562
0.041	0.037	0.901	0.021
0.060	0.031	0.880	0.029
0.032	0.001	0.902	0.065
0.059	0.099	0.825	0.017
>GGAGCCRGCT	15-GGAGCCRGCT	10.739845	-56.269070	0	T:42.0(19.72%),B:1227.1(2.49%),P:1e-24	Tpos:587.8,Tstd:304.2,Bpos:437.3,Bstd:288.5,StrandBias:0.0,Multiplicity:1.60
0.014	0.080	0.895	0.011
0.266	0.251	0.459	0.024
0.988	0.001	0.001	0.010
0.036	0.058	0.905	0.001
0.001	0.865	0.133	0.001
0.001	0.792	0.035	0.172
0.427	0.014	0.423	0.136
0.026	0.172	0.801	0.001
0.013	0.985	0.001	0.001
0.026	0.019	0.059	0.896
>TGGCGGGCTG	16-TGGCGGGCTG	11.488971	-54.724417	0	T:28.0(13.15%),B:418.8(0.85%),P:1e-23	Tpos:604.7,Tstd:165.3,Bpos:417.4,Bstd:258.6,StrandBias:1.1,Multiplicity:1.11
0.001	0.186	0.120	0.693
0.038	0.030	0.867	0.065
0.019	0.013	0.927	0.041
0.038	0.800	0.009	0.153
0.138	0.050	0.532	0.280
0.009	0.018	0.939	0.034
0.059	0.057	0.883	0.001
0.001	0.944	0.025	0.030
0.153	0.073	0.009	0.765
0.055	0.056	0.656	0.233
>GCTGAGGAGK	17-GCTGAGGAGK	11.375540	-54.020858	0	T:29.0(13.62%),B:477.8(0.97%),P:1e-23	Tpos:501.7,Tstd:175.5,Bpos:394.8,Bstd:282.2,StrandBias:0.1,Multiplicity:1.00
0.080	0.024	0.874	0.022
0.001	0.954	0.001	0.044
0.054	0.369	0.023	0.554
0.074	0.028	0.798	0.100
0.766	0.199	0.034	0.001
0.049	0.033	0.863	0.055
0.028	0.001	0.888	0.083
0.997	0.001	0.001	0.001
0.021	0.084	0.894	0.001
0.254	0.001	0.314	0.431
>GAGGGGCTTA	18-GAGGGGCTTA	10.296193	-52.558361	0	T:26.0(12.21%),B:362.4(0.73%),P:1e-22	Tpos:572.0,Tstd:194.9,Bpos:426.4,Bstd:240.7,StrandBias:-0.7,Multiplicity:1.00
0.100	0.100	0.700	0.100
0.700	0.100	0.100	0.100
0.100	0.100	0.700	0.100
0.100	0.100	0.700	0.100
0.100	0.100	0.700	0.100
0.100	0.100	0.700	0.100
0.100	0.700	0.100	0.100
0.100	0.100	0.100	0.700
0.100	0.100	0.100	0.700
0.700	0.100	0.100	0.100
>GAGCCCACGC	19-GAGCCCACGC	11.626696	-50.997658	0	T:33.0(15.49%),B:765.0(1.55%),P:1e-22	Tpos:560.8,Tstd:261.3,Bpos:445.2,Bstd:266.4,StrandBias:0.7,Multiplicity:1.09
0.139	0.001	0.859	0.001
0.997	0.001	0.001	0.001
0.001	0.001	0.997	0.001
0.001	0.957	0.041	0.001
0.001	0.997	0.001	0.001
0.001	0.997	0.001	0.001
0.986	0.001	0.012	0.001
0.337	0.510	0.152	0.001
0.007	0.001	0.991	0.001
0.001	0.734	0.264	0.001
>CATCAGTTAA	20-CATCAGTTAA	10.840170	-44.973841	0	T:13.0(6.10%),B:43.3(0.09%),P:1e-19	Tpos:378.9,Tstd:178.6,Bpos:395.7,Bstd:219.6,StrandBias:0.3,Multiplicity:1.69
0.001	0.997	0.001	0.001
0.997	0.001	0.001	0.001
0.001	0.001	0.001	0.997
0.001	0.997	0.001	0.001
0.948	0.050	0.001	0.001
0.001	0.001	0.997	0.001
0.001	0.001	0.001	0.997
0.001	0.001	0.001	0.997
0.997	0.001	0.001	0.001
0.997	0.001	0.001	0.001
>GGCTCCTCRG	21-GGCTCCTCRG	10.323227	-32.869227	0	T:33.0(15.49%),B:1422.1(2.88%),P:1e-14	Tpos:516.0,Tstd:242.6,Bpos:428.6,Bstd:271.7,StrandBias:0.1,Multiplicity:1.00
0.036	0.232	0.666	0.066
0.295	0.004	0.700	0.001
0.032	0.929	0.001	0.038
0.018	0.020	0.022	0.940
0.031	0.897	0.012	0.060
0.043	0.843	0.075	0.039
0.083	0.009	0.020	0.888
0.009	0.671	0.296	0.024
0.461	0.100	0.386	0.053
0.164	0.044	0.778	0.014
>MAGCCAGCCA	22-MAGCCAGCCA	8.504848	-10.028733	0	T:38.0(17.84%),B:4472.2(9.07%),P:1e-4	Tpos:981.4,Tstd:589.3,Bpos:435.1,Bstd:323.1,StrandBias:3.2,Multiplicity:4.58
0.558	0.431	0.010	0.001
0.977	0.012	0.010	0.001
0.009	0.001	0.979	0.011
0.007	0.991	0.001	0.001
0.001	0.997	0.001	0.001
0.997	0.001	0.001	0.001
0.001	0.032	0.966	0.001
0.023	0.975	0.001	0.001
0.001	0.968	0.030	0.001
0.960	0.026	0.013	0.001
>GGTGTTTGGT	23-GGTGTTTGGT	10.296193	-3.830481	0	T:3.0(1.41%),B:136.9(0.28%),P:1e-1	Tpos:286.6,Tstd:163.9,Bpos:440.4,Bstd:240.6,StrandBias:10.0,Multiplicity:11.00
0.100	0.100	0.700	0.100
0.100	0.100	0.700	0.100
0.100	0.100	0.100	0.700
0.100	0.100	0.700	0.100
0.100	0.100	0.100	0.700
0.100	0.100	0.100	0.700
0.100	0.100	0.100	0.700
0.100	0.100	0.700	0.100
0.100	0.100	0.700	0.100
0.100	0.100	0.100	0.700
>GTTGCATTTG	24-GTTGCATTTG	10.296193	-3.313596	0	T:2.0(0.94%),B:69.7(0.14%),P:1e-1	Tpos:304.9,Tstd:163.2,Bpos:453.5,Bstd:277.2,StrandBias:10.0,Multiplicity:8.00
0.100	0.100	0.700	0.100
0.100	0.100	0.100	0.700
0.100	0.100	0.100	0.700
0.100	0.100	0.700	0.100
0.100	0.700	0.100	0.100
0.700	0.100	0.100	0.100
0.100	0.100	0.100	0.700
0.100	0.100	0.100	0.700
0.100	0.100	0.100	0.700
0.100	0.100	0.700	0.100
>ACCACAGAGC	25-ACCACAGAGC	10.296193	-2.493376	0	T:3.0(1.41%),B:235.1(0.48%),P:1e-1	Tpos:277.0,Tstd:159.6,Bpos:433.1,Bstd:272.1,StrandBias:-5.0,Multiplicity:11.33
0.700	0.100	0.100	0.100
0.100	0.700	0.100	0.100
0.100	0.700	0.100	0.100
0.700	0.100	0.100	0.100
0.100	0.700	0.100	0.100
0.700	0.100	0.100	0.100
0.100	0.100	0.700	0.100
0.700	0.100	0.100	0.100
0.100	0.100	0.700	0.100
0.100	0.700	0.100	0.100
>ACCAATCAGCAC	1-ACCAATCAGCAC	9.346067	-107.800013	0	T:51.0(23.94%),B:658.5(1.34%),P:1e-46	Tpos:501.4,Tstd:358.1,Bpos:414.4,Bstd:361.9,StrandBias:-0.2,Multiplicity:3.31
0.997	0.001	0.001	0.001
0.001	0.997	0.001	0.001
0.001	0.997	0.001	0.001
0.997	0.001	0.001	0.001
0.997	0.001	0.001	0.001
0.001	0.001	0.001	0.997
0.001	0.997	0.001	0.001
0.838	0.043	0.118	0.001
0.161	0.001	0.837	0.001
0.001	0.997	0.001	0.001
0.997	0.001	0.001	0.001
0.001	0.997	0.001	0.001
>GTRTCTAGCTMA	2-GTRTCTAGCTMA	13.999946	-97.174022	0	T:40.0(18.78%),B:366.2(0.74%),P:1e-42	Tpos:476.0,Tstd:337.6,Bpos:424.9,Bstd:393.3,StrandBias:-0.4,Multiplicity:2.60
0.127	0.001	0.835	0.037
0.037	0.001	0.037	0.925
0.560	0.001	0.438	0.001
0.037	0.001	0.001	0.961
0.001	0.997	0.001	0.001
0.001	0.001	0.001	0.997
0.933	0.001	0.065	0.001
0.034	0.001	0.928	0.037
0.033	0.914	0.001	0.052
0.037	0.033	0.001	0.929
0.473	0.453	0.047	0.027
0.666	0.234	0.099	0.001
>GGYGGGCTGARK	3-GGYGGGCTGARK	12.094016	-92.746050	0	T:47.0(22.07%),B:698.1(1.42%),P:1e-40	Tpos:568.9,Tstd:298.0,Bpos:429.7,Bstd:280.7,StrandBias:0.9,Multiplicity:1.38
0.018	0.001	0.980	0.001
0.001	0.001	0.997	0.001
0.007	0.542	0.001	0.450
0.093	0.127	0.658	0.122
0.187	0.001	0.811	0.001
0.001	0.001	0.997	0.001
0.112	0.886	0.001	0.001
0.001	0.001	0.001	0.997
0.001	0.181	0.817	0.001
0.749	0.249	0.001	0.001
0.571	0.001	0.427	0.001
0.001	0.001	0.444	0.554
>TGGAGAACCTTT	4-TGGAGAACCTTT	11.137022	-89.289343	0	T:39.0(18.31%),B:412.6(0.84%),P:1e-38	Tpos:504.9,Tstd:332.5,Bpos:432.4,Bstd:367.3,StrandBias:-0.2,Multiplicity:2.15
0.001	0.001	0.001	0.997
0.031	0.001	0.967	0.001
0.001	0.024	0.974	0.001
0.972	0.001	0.026	0.001
0.001	0.001	0.997	0.001
0.997	0.001	0.001	0.001
0.997	0.001	0.001	0.001
0.001	0.889	0.001	0.109
0.001	0.783	0.024	0.192
0.001	0.001	0.001	0.997
0.001	0.001	0.001	0.997
0.001	0.001	0.001	0.997
>RTGTCTAGCTAA	5-RTGTCTAGCTAA	10.887959	-88.300005	0	T:41.0(19.25%),B:500.2(1.01%),P:1e-38	Tpos:493.0,Tstd:304.8,Bpos:423.8,Bstd:375.3,StrandBias:-0.3,Multiplicity:1.85
0.447	0.031	0.463	0.059
0.085	0.001	0.053	0.861
0.241	0.031	0.680	0.048
0.141	0.036	0.001	0.822
0.062	0.857	0.054	0.027
0.082	0.045	0.001	0.872
0.806	0.027	0.099	0.068
0.055	0.081	0.809	0.055
0.052	0.793	0.054	0.101
0.051	0.108	0.025	0.816
0.616	0.161	0.116	0.107
0.624	0.208	0.110	0.058
>AGTGGATCCCGC	6-AGTGGATCCCGC	12.811857	-84.767367	0	T:33.0(15.49%),B:260.2(0.53%),P:1e-36	Tpos:482.2,Tstd:232.4,Bpos:423.3,Bstd:318.5,StrandBias:0.4,Multiplicity:1.00
0.997	0.001	0.001	0.001
0.001	0.001	0.997	0.001
0.001	0.074	0.001	0.924
0.074	0.001	0.924	0.001
0.001	0.001	0.997	0.001
0.997	0.001	0.001	0.001
0.001	0.057	0.001	0.941
0.001	0.914	0.084	0.001
0.001	0.959	0.001	0.039
0.001	0.887	0.001	0.111
0.027	0.044	0.928	0.001
0.001	0.938	0.001	0.060
>TCTRGTGGGGAC	7-TCTRGTGGGGAC	9.011096	-82.084483	0	T:42.0(19.72%),B:632.1(1.28%),P:1e-35	Tpos:485.7,Tstd:328.4,Bpos:431.4,Bstd:353.2,StrandBias:-0.2,Multiplicity:1.83
0.001	0.001	0.001	0.997
0.001	0.997	0.001	0.001
0.001	0.001	0.001	0.997
0.573	0.001	0.425	0.001
0.001	0.001	0.997	0.001
0.001	0.001	0.001	0.997
0.001	0.001	0.997	0.001
0.001	0.001	0.997	0.001
0.001	0.001	0.997	0.001
0.001	0.204	0.794	0.001
0.829	0.169	0.001	0.001
0.001	0.760	0.205	0.034
>ACCGGGGCTGCG	8-ACCGGGGCTGCG	12.047726	-80.781318	0	T:41.0(19.25%),B:606.2(1.23%),P:1e-35	Tpos:526.2,Tstd:248.1,Bpos:432.1,Bstd:279.4,StrandBias:0.1,Multiplicity:1.46
0.997	0.001	0.001	0.001
0.001	0.972	0.026	0.001
0.030	0.837	0.001	0.132
0.026	0.176	0.765	0.033
0.001	0.043	0.955	0.001
0.001	0.155	0.843	0.001
0.001	0.001	0.997	0.001
0.001	0.997	0.001	0.001
0.001	0.001	0.001	0.997
0.001	0.001	0.997	0.001
0.001	0.997	0.001	0.001
0.200	0.026	0.773	0.001
>GTTTACAATCCC	9-GTTTACAATCCC	12.980491	-79.555013	0	T:36.0(16.90%),B:412.1(0.84%),P:1e-34	Tpos:530.2,Tstd:343.7,Bpos:414.8,Bstd:377.2,StrandBias:0.0,Multiplicity:2.67
0.411	0.025	0.563	0.001
0.001	0.060	0.001	0.938
0.001	0.053	0.001	0.945
0.001	0.118	0.001	0.880
0.971	0.001	0.001	0.027
0.001	0.961	0.001	0.037
0.997	0.001	0.001	0.001
0.918	0.080	0.001	0.001
0.402	0.001	0.001	0.596
0.044	0.928	0.027	0.001
0.001	0.924	0.044	0.031
0.001	0.724	0.001	0.274
>SGGAGCCGGCTC	10-SGGAGCCGGCTC	12.232984	-75.778513	0	T:32.0(15.02%),B:310.5(0.63%),P:1e-32	Tpos:605.7,Tstd:337.3,Bpos:451.7,Bstd:289.8,StrandBias:0.0,Multiplicity:1.00
0.026	0.497	0.456	0.020
0.015	0.001	0.983	0.001
0.029	0.021	0.949	0.001
0.997	0.001	0.001	0.001
0.001	0.001	0.997	0.001
0.001	0.997	0.001	0.001
0.001	0.997	0.001	0.001
0.001	0.001	0.968	0.030
0.001	0.001	0.997	0.001
0.001	0.997	0.001	0.001
0.001	0.001	0.001	0.997
0.001	0.980	0.018	0.001
>GCCCGGCGAGAA	11-GCCCGGCGAGAA	12.684675	-74.655231	0	T:31.0(14.55%),B:288.9(0.59%),P:1e-32	Tpos:572.1,Tstd:171.9,Bpos:408.0,Bstd:244.3,StrandBias:0.6,Multiplicity:1.06
0.001	0.001	0.886	0.112
0.001	0.997	0.001	0.001
0.001	0.997	0.001	0.001
0.001	0.877	0.072	0.050
0.111	0.070	0.755	0.064
0.001	0.001	0.997	0.001
0.001	0.957	0.001	0.041
0.001	0.001	0.997	0.001
0.935	0.001	0.063	0.001
0.127	0.001	0.871	0.001
0.997	0.001	0.001	0.001
0.997	0.001	0.001	0.001
>GTCCCATCGACC	12-GTCCCATCGACC	11.480176	-72.833242	0	T:35.0(16.43%),B:458.7(0.93%),P:1e-31	Tpos:497.8,Tstd:228.1,Bpos:392.6,Bstd:280.7,StrandBias:-0.1,Multiplicity:1.00
0.284	0.001	0.714	0.001
0.001	0.215	0.001	0.783
0.001	0.738	0.260	0.001
0.001	0.994	0.001	0.004
0.001	0.997	0.001	0.001
0.997	0.001	0.001	0.001
0.284	0.048	0.001	0.667
0.004	0.624	0.220	0.152
0.285	0.265	0.449	0.001
0.986	0.008	0.005	0.001
0.001	0.997	0.001	0.001
0.285	0.711	0.001	0.003
>GGGTTTGTGAAT	13-GGGTTTGTGAAT	12.131756	-70.057230	0	T:27.0(12.68%),B:207.8(0.42%),P:1e-30	Tpos:448.4,Tstd:322.0,Bpos:409.7,Bstd:372.4,StrandBias:-0.4,Multiplicity:1.19
0.001	0.001	0.997	0.001
0.001	0.001	0.997	0.001
0.001	0.001	0.997	0.001
0.033	0.001	0.001	0.965
0.001	0.001	0.001	0.997
0.001	0.001	0.001	0.997
0.001	0.001	0.997	0.001
0.001	0.001	0.001	0.997
0.001	0.001	0.997	0.001
0.584	0.001	0.414	0.001
0.590	0.001	0.408	0.001
0.001	0.001	0.001	0.997
>AATAAARGCAGG	14-AATAAARGCAGG	11.445476	-69.960492	0	T:31.0(14.55%),B:337.7(0.68%),P:1e-30	Tpos:510.7,Tstd:459.8,Bpos:440.2,Bstd:315.1,StrandBias:-0.1,Multiplicity:1.00
0.696	0.302	0.001	0.001
0.790	0.208	0.001	0.001
0.001	0.098	0.001	0.900
0.856	0.001	0.001	0.142
0.790	0.001	0.001	0.208
0.997	0.001	0.001	0.001
0.340	0.209	0.450	0.001
0.001	0.001	0.997	0.001
0.208	0.790	0.001	0.001
0.997	0.001	0.001	0.001
0.001	0.001	0.997	0.001
0.001	0.001	0.905	0.093
>CCMTCCGGAGCT	15-CCMTCCGGAGCT	10.277853	-65.848966	0	T:48.0(22.54%),B:1363.2(2.76%),P:1e-28	Tpos:591.3,Tstd:266.6,Bpos:429.5,Bstd:258.0,StrandBias:0.9,Multiplicity:1.44
0.001	0.993	0.001	0.005
0.001	0.904	0.001	0.094
0.458	0.491	0.001	0.049
0.001	0.150	0.125	0.724
0.001	0.908	0.001	0.090
0.001	0.686	0.033	0.280
0.001	0.001	0.930	0.068
0.001	0.271	0.603	0.125
0.617	0.326	0.056	0.001
0.282	0.033	0.443	0.243
0.001	0.756	0.191	0.052
0.001	0.261	0.001	0.737
>CCGGCTGGCCTG	16-CCGGCTGGCCTG	9.955450	-63.387246	0	T:53.0(24.88%),B:1845.8(3.74%),P:1e-27	Tpos:732.3,Tstd:462.1,Bpos:435.8,Bstd:300.5,StrandBias:-1.1,Multiplicity:1.89
0.052	0.698	0.056	0.194
0.021	0.620	0.022	0.337
0.208	0.227	0.437	0.127
0.001	0.093	0.882	0.024
0.266	0.694	0.017	0.023
0.042	0.108	0.056	0.794
0.001	0.044	0.891	0.064
0.050	0.110	0.816	0.024
0.063	0.676	0.217	0.044
0.055	0.600	0.001	0.344
0.023	0.234	0.227	0.516
0.113	0.329	0.543	0.015
>GGTGCTAAGCCC	17-GGTGCTAAGCCC	9.030826	-61.973001	0	T:37.0(17.37%),B:746.0(1.51%),P:1e-26	Tpos:585.1,Tstd:205.9,Bpos:421.8,Bstd:254.5,StrandBias:0.0,Multiplicity:1.00
0.001	0.001	0.997	0.001
0.001	0.001	0.997	0.001
0.001	0.001	0.156	0.842
0.006	0.001	0.992	0.001
0.001	0.986	0.001	0.012
0.001	0.001	0.001	0.997
0.842	0.002	0.002	0.154
0.997	0.001	0.001	0.001
0.001	0.132	0.866	0.001
0.001	0.997	0.001	0.001
0.156	0.842	0.001	0.001
0.001	0.997	0.001	0.001
>TCWTCAGTTAAG	18-TCWTCAGTTAAG	13.053661	-59.306996	0	T:12.0(5.63%),B:9.9(0.02%),P:1e-25	Tpos:380.6,Tstd:182.6,Bpos:450.5,Bstd:187.8,StrandBias:0.1,Multiplicity:1.75
0.001	0.062	0.130	0.807
0.071	0.807	0.065	0.057
0.533	0.001	0.001	0.465
0.001	0.064	0.001	0.934
0.065	0.674	0.065	0.196
0.733	0.136	0.130	0.001
0.065	0.130	0.804	0.001
0.065	0.065	0.001	0.869
0.065	0.065	0.065	0.805
0.804	0.130	0.065	0.001
0.591	0.343	0.001	0.065
0.001	0.065	0.650	0.284
>ACTTCTTTTGTG	19-ACTTCTTTTGTG	12.355432	-58.046431	0	T:12.0(5.63%),B:10.1(0.02%),P:1e-25	Tpos:416.8,Tstd:201.0,Bpos:447.2,Bstd:186.6,StrandBias:0.5,Multiplicity:1.42
0.700	0.100	0.100	0.100
0.100	0.700	0.100	0.100
0.100	0.100	0.100	0.700
0.100	0.100	0.100	0.700
0.100	0.700	0.100	0.100
0.100	0.100	0.100	0.700
0.100	0.100	0.100	0.700
0.100	0.100	0.100	0.700
0.100	0.100	0.100	0.700
0.100	0.100	0.700	0.100
0.100	0.100	0.100	0.700
0.100	0.100	0.700	0.100
>CTGSCHGSCAGH	20-CTGSCHGSCAGH	10.486173	-55.535638	0	T:39.0(18.31%),B:1035.2(2.10%),P:1e-24	Tpos:495.5,Tstd:228.6,Bpos:425.3,Bstd:281.4,StrandBias:0.0,Multiplicity:1.00
0.072	0.740	0.001	0.187
0.156	0.065	0.001	0.778
0.001	0.001	0.957	0.041
0.065	0.477	0.336	0.122
0.147	0.750	0.001	0.102
0.337	0.305	0.123	0.235
0.151	0.092	0.756	0.001
0.032	0.408	0.393	0.168
0.001	0.845	0.010	0.144
0.706	0.181	0.023	0.090
0.001	0.267	0.731	0.001
0.264	0.358	0.011	0.367
>TCTCCTCGGCGC	21-TCTCCTCGGCGC	9.313633	-36.682950	0	T:54.0(25.35%),B:3484.2(7.06%),P:1e-15	Tpos:486.3,Tstd:195.1,Bpos:430.7,Bstd:267.0,StrandBias:-0.3,Multiplicity:1.16
0.138	0.057	0.176	0.629
0.001	0.909	0.054	0.036
0.167	0.096	0.027	0.710
0.001	0.896	0.062	0.041
0.017	0.897	0.027	0.059
0.126	0.043	0.084	0.747
0.091	0.584	0.272	0.053
0.183	0.107	0.597	0.113
0.044	0.058	0.886	0.012
0.096	0.711	0.058	0.135
0.070	0.211	0.653	0.066
0.042	0.909	0.013	0.036
>CTCCTCGGCGCC	22-CTCCTCGGCGCC	9.056001	-20.154248	0	T:51.0(23.94%),B:4850.9(9.84%),P:1e-8	Tpos:622.5,Tstd:414.3,Bpos:445.2,Bstd:256.0,StrandBias:0.1,Multiplicity:1.23
0.001	0.634	0.364	0.001
0.001	0.259	0.011	0.729
0.001	0.694	0.046	0.259
0.105	0.712	0.001	0.182
0.112	0.064	0.001	0.823
0.019	0.565	0.237	0.179
0.001	0.146	0.753	0.100
0.001	0.060	0.730	0.209
0.093	0.770	0.083	0.054
0.062	0.029	0.908	0.001
0.064	0.761	0.174	0.001
0.064	0.934	0.001	0.001
>GTTTGGTGTAGT	23-GTTTGGTGTAGT	9.671387	-12.784028	0	T:3.0(1.41%),B:6.3(0.01%),P:1e-5	Tpos:304.3,Tstd:174.1,Bpos:218.5,Bstd:120.0,StrandBias:5.0,Multiplicity:11.33
0.001	0.001	0.997	0.001
0.001	0.001	0.001	0.997
0.001	0.001	0.001	0.997
0.001	0.024	0.001	0.974
0.001	0.001	0.997	0.001
0.001	0.001	0.997	0.001
0.001	0.001	0.001	0.997
0.001	0.001	0.997	0.001
0.001	0.246	0.001	0.752
0.997	0.001	0.001	0.001
0.001	0.001	0.997	0.001
0.001	0.001	0.001	0.997
>CTCTGTGGTGGT	24-CTCTGTGGTGGT	12.355432	-6.651701	0	T:2.0(0.94%),B:12.5(0.03%),P:1e-2	Tpos:280.2,Tstd:162.0,Bpos:343.3,Bstd:259.0,StrandBias:10.0,Multiplicity:16.50
0.100	0.700	0.100	0.100
0.100	0.100	0.100	0.700
0.100	0.700	0.100	0.100
0.100	0.100	0.100	0.700
0.100	0.100	0.700	0.100
0.100	0.100	0.100	0.700
0.100	0.100	0.700	0.100
0.100	0.100	0.700	0.100
0.100	0.100	0.100	0.700
0.100	0.100	0.700	0.100
0.100	0.100	0.700	0.100
0.100	0.100	0.100	0.700
>GTCTCCTCGGCG	25-GTCTCCTCGGCG	2.577309	-3.969798	0	T:30.0(14.08%),B:4678.9(9.49%),P:1e-1	Tpos:528.6,Tstd:389.1,Bpos:448.0,Bstd:253.6,StrandBias:1.3,Multiplicity:1.55
0.001	0.001	0.997	0.001
0.001	0.001	0.001	0.997
0.001	0.997	0.001	0.001
0.001	0.001	0.001	0.997
0.001	0.997	0.001	0.001
0.001	0.997	0.001	0.001
0.001	0.001	0.001	0.997
0.001	0.997	0.001	0.001
0.001	0.001	0.997	0.001
0.001	0.001	0.997	0.001
0.001	0.806	0.192	0.001
0.001	0.001	0.997	0.001
>ACCAATCA	1-ACCAATCA	10.646758	-88.990365	0	T:54.0(25.35%),B:1146.1(2.32%),P:1e-38	Tpos:494.7,Tstd:375.7,Bpos:410.2,Bstd:322.9,StrandBias:-0.3,Multiplicity:2.52
0.997	0.001	0.001	0.001
0.001	0.997	0.001	0.001
0.001	0.997	0.001	0.001
0.997	0.001	0.001	0.001
0.997	0.001	0.001	0.001
0.232	0.001	0.001	0.766
0.001	0.997	0.001	0.001
0.853	0.001	0.145	0.001
>TATCTAGC	2-TATCTAGC	10.818080	-62.345262	0	T:33.0(15.49%),B:528.0(1.07%),P:1e-27	Tpos:518.0,Tstd:338.7,Bpos:440.4,Bstd:367.7,StrandBias:-0.2,Multiplicity:2.21
0.001	0.001	0.001	0.997
0.997	0.001	0.001	0.001
0.001	0.001	0.001	0.997
0.001	0.997	0.001	0.001
0.001	0.001	0.001	0.997
0.825	0.001	0.173	0.001
0.058	0.001	0.940	0.001
0.001	0.997	0.001	0.001
>GGATTGTA	3-GGATTGTA	8.236954	-61.835065	0	T:37.0(17.37%),B:749.3(1.52%),P:1e-26	Tpos:509.6,Tstd:349.1,Bpos:429.8,Bstd:331.8,StrandBias:-0.2,Multiplicity:1.84
0.100	0.100	0.700	0.100
0.100	0.100	0.700	0.100
0.700	0.100	0.100	0.100
0.100	0.100	0.100	0.700
0.100	0.100	0.100	0.700
0.100	0.100	0.700	0.100
0.100	0.100	0.100	0.700
0.700	0.100	0.100	0.100
>GTCTAGCT	4-GTCTAGCT	10.563484	-59.697184	0	T:42.0(19.72%),B:1121.7(2.27%),P:1e-25	Tpos:474.0,Tstd:331.4,Bpos:424.0,Bstd:345.8,StrandBias:-0.3,Multiplicity:2.76
0.395	0.001	0.603	0.001
0.001	0.001	0.001	0.997
0.001	0.997	0.001	0.001
0.001	0.001	0.001	0.997
0.997	0.001	0.001	0.001
0.001	0.001	0.997	0.001
0.001	0.997	0.001	0.001
0.001	0.001	0.001	0.997
>GAACCTTT	5-GAACCTTT	11.035766	-55.609609	0	T:37.0(17.37%),B:899.9(1.82%),P:1e-24	Tpos:572.2,Tstd:352.8,Bpos:429.2,Bstd:318.7,StrandBias:0.5,Multiplicity:1.81
0.001	0.001	0.997	0.001
0.997	0.001	0.001	0.001
0.997	0.001	0.001	0.001
0.001	0.997	0.001	0.001
0.001	0.967	0.031	0.001
0.001	0.001	0.001	0.997
0.001	0.001	0.001	0.997
0.001	0.001	0.001	0.997
>ATAAAAGC	6-ATAAAAGC	8.236954	-55.050596	0	T:40.0(18.78%),B:1120.6(2.27%),P:1e-23	Tpos:576.4,Tstd:451.2,Bpos:431.6,Bstd:278.1,StrandBias:-0.5,Multiplicity:1.07
0.700	0.100	0.100	0.100
0.100	0.100	0.100	0.700
0.700	0.100	0.100	0.100
0.700	0.100	0.100	0.100
0.700	0.100	0.100	0.100
0.700	0.100	0.100	0.100
0.100	0.100	0.700	0.100
0.100	0.700	0.100	0.100
>TTAGCACC	7-TTAGCACC	9.621153	-51.108904	0	T:45.0(21.13%),B:1660.5(3.37%),P:1e-22	Tpos:534.5,Tstd:282.4,Bpos:422.3,Bstd:259.8,StrandBias:-0.4,Multiplicity:1.02
0.001	0.001	0.001	0.997
0.001	0.001	0.001	0.997
0.997	0.001	0.001	0.001
0.001	0.001	0.997	0.001
0.001	0.763	0.235	0.001
0.997	0.001	0.001	0.001
0.001	0.997	0.001	0.001
0.001	0.997	0.001	0.001
>CCTGTMAA	8-CCTGTMAA	7.991447	-46.573567	0	T:53.0(24.88%),B:2668.0(5.41%),P:1e-20	Tpos:511.3,Tstd:423.2,Bpos:423.1,Bstd:268.9,StrandBias:0.1,Multiplicity:1.06
0.110	0.494	0.225	0.171
0.001	0.876	0.001	0.122
0.109	0.012	0.001	0.878
0.360	0.001	0.638	0.001
0.001	0.001	0.001	0.997
0.442	0.407	0.123	0.028
0.958	0.001	0.010	0.031
0.781	0.217	0.001	0.001
>GCGGGAAC	9-GCGGGAAC	9.467682	-44.420293	0	T:49.0(23.00%),B:2374.6(4.81%),P:1e-19	Tpos:559.5,Tstd:334.0,Bpos:427.5,Bstd:263.4,StrandBias:-0.4,Multiplicity:1.26
0.001	0.001	0.997	0.001
0.001	0.997	0.001	0.001
0.171	0.001	0.827	0.001
0.001	0.001	0.997	0.001
0.001	0.001	0.997	0.001
0.997	0.001	0.001	0.001
0.755	0.001	0.001	0.243
0.001	0.997	0.001	0.001
>TACACCAA	10-TACACCAA	10.069650	-43.413224	0	T:44.0(20.66%),B:1928.2(3.91%),P:1e-18	Tpos:443.0,Tstd:320.1,Bpos:420.7,Bstd:296.3,StrandBias:-1.0,Multiplicity:2.42
0.001	0.001	0.001	0.997
0.630	0.001	0.368	0.001
0.001	0.997	0.001	0.001
0.997	0.001	0.001	0.001
0.001	0.997	0.001	0.001
0.001	0.997	0.001	0.001
0.997	0.001	0.001	0.001
0.997	0.001	0.001	0.001
>GTTTGTGA	11-GTTTGTGA	7.799734	-41.314158	0	T:43.0(20.19%),B:1941.1(3.94%),P:1e-17	Tpos:511.1,Tstd:335.6,Bpos:424.0,Bstd:306.8,StrandBias:0.3,Multiplicity:1.77
0.001	0.001	0.997	0.001
0.026	0.001	0.001	0.972
0.001	0.001	0.001	0.997
0.001	0.001	0.001	0.997
0.001	0.001	0.997	0.001
0.001	0.001	0.001	0.997
0.039	0.001	0.959	0.001
0.997	0.001	0.001	0.001
>CCATCGAC	12-CCATCGAC	8.236954	-39.588844	0	T:24.0(11.27%),B:499.0(1.01%),P:1e-17	Tpos:532.8,Tstd:209.1,Bpos:431.4,Bstd:276.6,StrandBias:-0.2,Multiplicity:1.00
0.100	0.700	0.100	0.100
0.100	0.700	0.100	0.100
0.700	0.100	0.100	0.100
0.100	0.100	0.100	0.700
0.100	0.700	0.100	0.100
0.100	0.100	0.700	0.100
0.700	0.100	0.100	0.100
0.100	0.700	0.100	0.100
>AGTGCSGG	13-AGTGCSGG	8.467201	-38.309852	0	T:54.0(25.35%),B:3353.7(6.80%),P:1e-16	Tpos:542.8,Tstd:258.2,Bpos:435.2,Bstd:261.2,StrandBias:-0.3,Multiplicity:1.76
0.818	0.001	0.180	0.001
0.001	0.040	0.958	0.001
0.001	0.001	0.128	0.870
0.001	0.112	0.525	0.362
0.001	0.958	0.040	0.001
0.001	0.550	0.448	0.001
0.001	0.309	0.689	0.001
0.001	0.188	0.810	0.001
>CTTGCGTG	14-CTTGCGTG	5.383630	-33.094488	0	T:40.0(18.78%),B:2117.2(4.29%),P:1e-14	Tpos:570.7,Tstd:323.6,Bpos:439.2,Bstd:264.6,StrandBias:0.2,Multiplicity:1.12
0.001	0.997	0.001	0.001
0.001	0.001	0.001	0.997
0.001	0.001	0.001	0.997
0.008	0.001	0.990	0.001
0.001	0.997	0.001	0.001
0.001	0.001	0.997	0.001
0.001	0.001	0.423	0.575
0.001	0.001	0.997	0.001
>TCTGGTGG	15-TCTGGTGG	6.377123	-31.400485	0	T:53.0(24.88%),B:3825.6(7.76%),P:1e-13	Tpos:493.4,Tstd:349.0,Bpos:428.4,Bstd:282.2,StrandBias:-0.1,Multiplicity:1.87
0.001	0.001	0.001	0.997
0.001	0.997	0.001	0.001
0.001	0.001	0.001	0.997
0.295	0.001	0.703	0.001
0.001	0.001	0.997	0.001
0.001	0.001	0.001	0.997
0.001	0.013	0.985	0.001
0.001	0.001	0.997	0.001
>CAGCCCGC	16-CAGCCCGC	10.744726	-31.159268	0	T:50.0(23.47%),B:3455.5(7.01%),P:1e-13	Tpos:578.0,Tstd:274.2,Bpos:444.4,Bstd:254.7,StrandBias:-0.7,Multiplicity:1.47
0.001	0.997	0.001	0.001
0.997	0.001	0.001	0.001
0.084	0.001	0.914	0.001
0.001	0.997	0.001	0.001
0.137	0.861	0.001	0.001
0.001	0.997	0.001	0.001
0.001	0.001	0.997	0.001
0.085	0.913	0.001	0.001
>AGCTGCCT	17-AGCTGCCT	10.551808	-26.991049	0	T:55.0(25.82%),B:4568.4(9.26%),P:1e-11	Tpos:572.1,Tstd:283.6,Bpos:428.5,Bstd:268.6,StrandBias:-0.2,Multiplicity:1.47
0.997	0.001	0.001	0.001
0.001	0.001	0.997	0.001
0.001	0.997	0.001	0.001
0.001	0.001	0.001	0.997
0.001	0.001	0.997	0.001
0.001	0.596	0.402	0.001
0.001	0.997	0.001	0.001
0.001	0.001	0.001	0.997
>CCGGCACT	18-CCGGCACT	8.933562	-26.183516	0	T:39.0(18.31%),B:2513.6(5.10%),P:1e-11	Tpos:512.2,Tstd:282.2,Bpos:420.8,Bstd:259.6,StrandBias:-0.9,Multiplicity:1.38
0.001	0.583	0.005	0.411
0.001	0.997	0.001	0.001
0.001	0.066	0.932	0.001
0.001	0.001	0.700	0.298
0.025	0.973	0.001	0.001
0.741	0.001	0.257	0.001
0.001	0.997	0.001	0.001
0.001	0.001	0.001	0.997
>ACACTCTG	19-ACACTCTG	10.515967	-25.573768	0	T:32.0(15.02%),B:1752.1(3.55%),P:1e-11	Tpos:556.4,Tstd:384.6,Bpos:448.2,Bstd:287.4,StrandBias:0.2,Multiplicity:1.34
0.662	0.001	0.336	0.001
0.001	0.997	0.001	0.001
0.997	0.001	0.001	0.001
0.001	0.997	0.001	0.001
0.132	0.001	0.001	0.866
0.001	0.997	0.001	0.001
0.001	0.001	0.001	0.997
0.001	0.001	0.997	0.001
>GGACTTGS	20-GGACTTGS	8.611518	-22.027543	0	T:37.0(17.37%),B:2636.6(5.35%),P:1e-9	Tpos:512.4,Tstd:345.5,Bpos:425.7,Bstd:268.9,StrandBias:-0.1,Multiplicity:1.41
0.001	0.001	0.997	0.001
0.078	0.150	0.771	0.001
0.609	0.150	0.240	0.001
0.001	0.868	0.001	0.130
0.050	0.001	0.001	0.948
0.087	0.001	0.376	0.536
0.239	0.001	0.759	0.001
0.001	0.463	0.535	0.001
>TCAGTTAA	21-TCAGTTAA	7.380443	-20.712985	0	T:19.0(8.92%),B:747.6(1.52%),P:1e-8	Tpos:432.3,Tstd:219.3,Bpos:404.2,Bstd:261.4,StrandBias:0.4,Multiplicity:1.58
0.001	0.001	0.001	0.997
0.001	0.997	0.001	0.001
0.973	0.025	0.001	0.001
0.001	0.001	0.997	0.001
0.001	0.001	0.001	0.997
0.001	0.001	0.001	0.997
0.997	0.001	0.001	0.001
0.997	0.001	0.001	0.001
>GGGCTCCT	22-GGGCTCCT	8.236954	-20.308566	0	T:56.0(26.29%),B:5614.8(11.38%),P:1e-8	Tpos:508.8,Tstd:284.5,Bpos:431.0,Bstd:257.6,StrandBias:-0.1,Multiplicity:1.86
0.100	0.100	0.700	0.100
0.100	0.100	0.700	0.100
0.100	0.100	0.700	0.100
0.100	0.700	0.100	0.100
0.100	0.100	0.100	0.700
0.100	0.700	0.100	0.100
0.100	0.700	0.100	0.100
0.100	0.100	0.100	0.700
>GGTGGTGT	23-GGTGGTGT	9.778338	-10.586458	0	T:42.0(19.72%),B:5038.6(10.22%),P:1e-4	Tpos:400.8,Tstd:264.3,Bpos:431.1,Bstd:257.1,StrandBias:1.5,Multiplicity:2.03
0.001	0.001	0.997	0.001
0.001	0.001	0.997	0.001
0.275	0.001	0.001	0.723
0.001	0.001	0.997	0.001
0.001	0.001	0.997	0.001
0.001	0.001	0.001	0.997
0.001	0.001	0.997	0.001
0.001	0.001	0.001	0.997
>SAGCCRGC	24-SAGCCRGC	8.479174	-10.389200	0	T:85.0(39.91%),B:13326.1(27.02%),P:1e-4	Tpos:747.1,Tstd:534.0,Bpos:437.4,Bstd:274.4,StrandBias:1.0,Multiplicity:2.68
0.164	0.389	0.446	0.001
0.868	0.001	0.130	0.001
0.001	0.001	0.868	0.130
0.001	0.938	0.001	0.060
0.001	0.781	0.217	0.001
0.415	0.231	0.353	0.001
0.001	0.001	0.997	0.001
0.026	0.972	0.001	0.001
>ASCACAAA	25-ASCACAAA	9.317551	-8.136285	0	T:33.0(15.49%),B:4028.2(8.17%),P:1e-3	Tpos:408.2,Tstd:275.8,Bpos:431.0,Bstd:262.3,StrandBias:-0.8,Multiplicity:1.87
0.997	0.001	0.001	0.001
0.001	0.440	0.417	0.142
0.001	0.997	0.001	0.001
0.997	0.001	0.001	0.001
0.001	0.997	0.001	0.001
0.594	0.404	0.001	0.001
0.970	0.001	0.028	0.001
0.997	0.001	0.001	0.001
