>ACCAATCGGC	1-ACCAATCGGC	9.671090	-100.058005	0	T:47.0(22.07%),B:593.1(1.20%),P:1e-43	Tpos:483.0,Tstd:371.2,Bpos:410.4,Bstd:358.0,StrandBias:-0.4,Multiplicity:2.89
0.694	0.090	0.091	0.125
0.059	0.756	0.065	0.120
0.121	0.792	0.047	0.040
0.718	0.165	0.047	0.070
0.850	0.036	0.052	0.062
0.332	0.085	0.045	0.538
0.064	0.759	0.100	0.077
0.322	0.069	0.536	0.073
0.103	0.255	0.595	0.047
0.075	0.762	0.110	0.053
>GTATCTAGCT	2-GTATCTAGCT	11.231017	-91.070569	0	T:41.0(19.25%),B:466.5(0.95%),P:1e-39	Tpos:460.2,Tstd:333.8,Bpos:430.0,Bstd:388.7,StrandBias:-0.1,Multiplicity:1.85
0.098	0.072	0.829	0.001
0.001	0.001	0.001	0.997
0.597	0.001	0.401	0.001
0.107	0.098	0.001	0.794
0.001	0.758	0.082	0.159
0.001	0.159	0.001	0.839
0.997	0.001	0.001	0.001
0.356	0.001	0.642	0.001
0.001	0.913	0.001	0.085
0.001	0.001	0.107	0.891
>GAGAACCTTT	3-GAGAACCTTT	9.448764	-86.618344	0	T:50.0(23.47%),B:963.7(1.95%),P:1e-37	Tpos:503.1,Tstd:332.5,Bpos:437.2,Bstd:324.6,StrandBias:-0.3,Multiplicity:1.80
0.043	0.015	0.916	0.026
0.859	0.065	0.039	0.037
0.056	0.051	0.797	0.096
0.603	0.325	0.001	0.071
0.784	0.137	0.048	0.031
0.086	0.755	0.023	0.136
0.029	0.785	0.061	0.125
0.040	0.034	0.016	0.910
0.023	0.064	0.050	0.863
0.021	0.028	0.206	0.745
>RTRTCTAGCT	4-RTRTCTAGCT	11.263991	-86.459314	0	T:38.0(17.84%),B:407.1(0.83%),P:1e-37	Tpos:496.4,Tstd:313.8,Bpos:431.0,Bstd:390.5,StrandBias:-0.4,Multiplicity:2.82
0.455	0.071	0.449	0.025
0.070	0.001	0.037	0.892
0.504	0.011	0.484	0.001
0.041	0.001	0.275	0.683
0.022	0.926	0.015	0.037
0.014	0.001	0.001	0.984
0.962	0.011	0.026	0.001
0.021	0.001	0.961	0.017
0.263	0.686	0.017	0.034
0.001	0.021	0.019	0.959
>CTTATCTGCC	5-CTTATCTGCC	10.949711	-84.728108	0	T:47.0(22.07%),B:836.8(1.70%),P:1e-36	Tpos:547.6,Tstd:344.2,Bpos:425.4,Bstd:278.0,StrandBias:0.0,Multiplicity:1.30
0.001	0.997	0.001	0.001
0.001	0.408	0.001	0.590
0.001	0.001	0.001	0.997
0.997	0.001	0.001	0.001
0.001	0.001	0.221	0.777
0.001	0.997	0.001	0.001
0.001	0.176	0.001	0.822
0.001	0.327	0.671	0.001
0.001	0.780	0.218	0.001
0.001	0.997	0.001	0.001
>GGCGGGCTGA	6-GGCGGGCTGA	11.237349	-83.478269	0	T:48.0(22.54%),B:915.4(1.86%),P:1e-36	Tpos:577.4,Tstd:369.3,Bpos:434.0,Bstd:280.2,StrandBias:1.0,Multiplicity:1.13
0.107	0.001	0.891	0.001
0.001	0.001	0.997	0.001
0.001	0.798	0.001	0.200
0.001	0.001	0.997	0.001
0.001	0.001	0.997	0.001
0.001	0.108	0.890	0.001
0.001	0.970	0.001	0.028
0.001	0.001	0.001	0.997
0.001	0.001	0.997	0.001
0.997	0.001	0.001	0.001
>GGATTGTAAA	7-GGATTGTAAA	8.912082	-82.592121	0	T:42.0(19.72%),B:624.8(1.27%),P:1e-35	Tpos:505.4,Tstd:340.6,Bpos:413.1,Bstd:367.8,StrandBias:-0.1,Multiplicity:3.29
0.009	0.022	0.968	0.001
0.001	0.001	0.997	0.001
0.666	0.001	0.001	0.332
0.001	0.008	0.001	0.990
0.012	0.001	0.001	0.986
0.008	0.001	0.990	0.001
0.001	0.001	0.001	0.997
0.966	0.001	0.032	0.001
0.975	0.001	0.011	0.013
0.997	0.001	0.001	0.001
>TCTGGCGGGC	8-TCTGGCGGGC	8.588236	-80.813725	0	T:48.0(22.54%),B:972.0(1.97%),P:1e-35	Tpos:493.9,Tstd:246.2,Bpos:429.3,Bstd:282.3,StrandBias:-0.4,Multiplicity:1.00
0.076	0.001	0.001	0.922
0.001	0.997	0.001	0.001
0.001	0.001	0.001	0.997
0.001	0.001	0.997	0.001
0.001	0.001	0.997	0.001
0.001	0.997	0.001	0.001
0.069	0.001	0.929	0.001
0.001	0.001	0.997	0.001
0.001	0.001	0.997	0.001
0.001	0.997	0.001	0.001
>CAATCGASAC	9-CAATCGASAC	8.005706	-80.800400	0	T:66.0(30.99%),B:2277.5(4.62%),P:1e-35	Tpos:525.9,Tstd:363.4,Bpos:421.4,Bstd:289.6,StrandBias:0.2,Multiplicity:1.24
0.055	0.943	0.001	0.001
0.930	0.001	0.001	0.068
0.959	0.001	0.039	0.001
0.044	0.073	0.300	0.583
0.001	0.642	0.080	0.277
0.168	0.042	0.789	0.001
0.782	0.049	0.132	0.037
0.049	0.489	0.388	0.073
0.997	0.001	0.001	0.001
0.001	0.911	0.087	0.001
>AGTTCCGGGT	10-AGTTCCGGGT	7.169380	-80.748744	0	T:38.0(17.84%),B:476.9(0.97%),P:1e-35	Tpos:619.6,Tstd:322.4,Bpos:420.5,Bstd:262.9,StrandBias:-0.5,Multiplicity:1.00
0.971	0.001	0.027	0.001
0.001	0.001	0.997	0.001
0.001	0.001	0.001	0.997
0.001	0.001	0.001	0.997
0.001	0.997	0.001	0.001
0.001	0.997	0.001	0.001
0.001	0.001	0.997	0.001
0.001	0.001	0.997	0.001
0.047	0.034	0.918	0.001
0.001	0.001	0.001	0.997
>GTCACCTCTC	11-GTCACCTCTC	9.662036	-65.537615	0	T:41.0(19.25%),B:901.6(1.83%),P:1e-28	Tpos:662.3,Tstd:430.8,Bpos:451.7,Bstd:291.5,StrandBias:0.2,Multiplicity:1.00
0.001	0.001	0.997	0.001
0.001	0.001	0.001	0.997
0.001	0.997	0.001	0.001
0.997	0.001	0.001	0.001
0.046	0.925	0.001	0.028
0.001	0.997	0.001	0.001
0.001	0.017	0.001	0.981
0.001	0.973	0.025	0.001
0.001	0.001	0.001	0.997
0.001	0.997	0.001	0.001
>YCCTGTAAAA	12-YCCTGTAAAA	8.360461	-63.572941	0	T:44.0(20.66%),B:1147.0(2.33%),P:1e-27	Tpos:465.8,Tstd:390.9,Bpos:408.0,Bstd:286.9,StrandBias:-0.2,Multiplicity:1.45
0.071	0.476	0.073	0.381
0.030	0.513	0.136	0.321
0.043	0.879	0.001	0.077
0.058	0.160	0.092	0.690
0.237	0.232	0.530	0.001
0.139	0.001	0.027	0.833
0.526	0.249	0.039	0.186
0.908	0.001	0.036	0.055
0.631	0.243	0.088	0.038
0.578	0.081	0.001	0.340
>CCTTCTTWTA	13-CCTTCTTWTA	10.391196	-60.224868	0	T:37.0(17.37%),B:785.2(1.59%),P:1e-26	Tpos:500.9,Tstd:412.8,Bpos:435.2,Bstd:284.6,StrandBias:0.4,Multiplicity:1.19
0.332	0.666	0.001	0.001
0.001	0.997	0.001	0.001
0.001	0.001	0.001	0.997
0.001	0.001	0.207	0.791
0.001	0.997	0.001	0.001
0.327	0.001	0.001	0.671
0.001	0.001	0.001	0.997
0.459	0.001	0.001	0.539
0.001	0.001	0.001	0.997
0.666	0.001	0.332	0.001
>TCTAGTGGGG	14-TCTAGTGGGG	9.883870	-57.073615	0	T:46.0(21.60%),B:1508.0(3.06%),P:1e-24	Tpos:486.1,Tstd:322.5,Bpos:426.3,Bstd:303.7,StrandBias:-0.8,Multiplicity:2.17
0.042	0.070	0.035	0.853
0.033	0.933	0.010	0.024
0.044	0.292	0.023	0.641
0.702	0.016	0.147	0.135
0.087	0.008	0.819	0.086
0.313	0.016	0.109	0.562
0.041	0.037	0.901	0.021
0.060	0.031	0.880	0.029
0.032	0.001	0.902	0.065
0.059	0.099	0.825	0.017
>GGAGCCRGCT	15-GGAGCCRGCT	10.739845	-56.269070	0	T:42.0(19.72%),B:1227.1(2.49%),P:1e-24	Tpos:587.8,Tstd:304.2,Bpos:437.3,Bstd:288.5,StrandBias:0.0,Multiplicity:1.60
0.014	0.080	0.895	0.011
0.266	0.251	0.459	0.024
0.988	0.001	0.001	0.010
0.036	0.058	0.905	0.001
0.001	0.865	0.133	0.001
0.001	0.792	0.035	0.172
0.427	0.014	0.423	0.136
0.026	0.172	0.801	0.001
0.013	0.985	0.001	0.001
0.026	0.019	0.059	0.896
>TGGCGGGCTG	16-TGGCGGGCTG	11.488971	-54.724417	0	T:28.0(13.15%),B:418.8(0.85%),P:1e-23	Tpos:604.7,Tstd:165.3,Bpos:417.4,Bstd:258.6,StrandBias:1.1,Multiplicity:1.11
0.001	0.186	0.120	0.693
0.038	0.030	0.867	0.065
0.019	0.013	0.927	0.041
0.038	0.800	0.009	0.153
0.138	0.050	0.532	0.280
0.009	0.018	0.939	0.034
0.059	0.057	0.883	0.001
0.001	0.944	0.025	0.030
0.153	0.073	0.009	0.765
0.055	0.056	0.656	0.233
>GCTGAGGAGK	17-GCTGAGGAGK	11.375540	-54.020858	0	T:29.0(13.62%),B:477.8(0.97%),P:1e-23	Tpos:501.7,Tstd:175.5,Bpos:394.8,Bstd:282.2,StrandBias:0.1,Multiplicity:1.00
0.080	0.024	0.874	0.022
0.001	0.954	0.001	0.044
0.054	0.369	0.023	0.554
0.074	0.028	0.798	0.100
0.766	0.199	0.034	0.001
0.049	0.033	0.863	0.055
0.028	0.001	0.888	0.083
0.997	0.001	0.001	0.001
0.021	0.084	0.894	0.001
0.254	0.001	0.314	0.431
>GAGGGGCTTA	18-GAGGGGCTTA	10.296193	-52.558361	0	T:26.0(12.21%),B:362.4(0.73%),P:1e-22	Tpos:572.0,Tstd:194.9,Bpos:426.4,Bstd:240.7,StrandBias:-0.7,Multiplicity:1.00
0.100	0.100	0.700	0.100
0.700	0.100	0.100	0.100
0.100	0.100	0.700	0.100
0.100	0.100	0.700	0.100
0.100	0.100	0.700	0.100
0.100	0.100	0.700	0.100
0.100	0.700	0.100	0.100
0.100	0.100	0.100	0.700
0.100	0.100	0.100	0.700
0.700	0.100	0.100	0.100
>GAGCCCACGC	19-GAGCCCACGC	11.626696	-50.997658	0	T:33.0(15.49%),B:765.0(1.55%),P:1e-22	Tpos:560.8,Tstd:261.3,Bpos:445.2,Bstd:266.4,StrandBias:0.7,Multiplicity:1.09
0.139	0.001	0.859	0.001
0.997	0.001	0.001	0.001
0.001	0.001	0.997	0.001
0.001	0.957	0.041	0.001
0.001	0.997	0.001	0.001
0.001	0.997	0.001	0.001
0.986	0.001	0.012	0.001
0.337	0.510	0.152	0.001
0.007	0.001	0.991	0.001
0.001	0.734	0.264	0.001
>CATCAGTTAA	20-CATCAGTTAA	10.840170	-44.973841	0	T:13.0(6.10%),B:43.3(0.09%),P:1e-19	Tpos:378.9,Tstd:178.6,Bpos:395.7,Bstd:219.6,StrandBias:0.3,Multiplicity:1.69
0.001	0.997	0.001	0.001
0.997	0.001	0.001	0.001
0.001	0.001	0.001	0.997
0.001	0.997	0.001	0.001
0.948	0.050	0.001	0.001
0.001	0.001	0.997	0.001
0.001	0.001	0.001	0.997
0.001	0.001	0.001	0.997
0.997	0.001	0.001	0.001
0.997	0.001	0.001	0.001
>GGCTCCTCRG	21-GGCTCCTCRG	10.323227	-32.869227	0	T:33.0(15.49%),B:1422.1(2.88%),P:1e-14	Tpos:516.0,Tstd:242.6,Bpos:428.6,Bstd:271.7,StrandBias:0.1,Multiplicity:1.00
0.036	0.232	0.666	0.066
0.295	0.004	0.700	0.001
0.032	0.929	0.001	0.038
0.018	0.020	0.022	0.940
0.031	0.897	0.012	0.060
0.043	0.843	0.075	0.039
0.083	0.009	0.020	0.888
0.009	0.671	0.296	0.024
0.461	0.100	0.386	0.053
0.164	0.044	0.778	0.014
>MAGCCAGCCA	22-MAGCCAGCCA	8.504848	-10.028733	0	T:38.0(17.84%),B:4472.2(9.07%),P:1e-4	Tpos:981.4,Tstd:589.3,Bpos:435.1,Bstd:323.1,StrandBias:3.2,Multiplicity:4.58
0.558	0.431	0.010	0.001
0.977	0.012	0.010	0.001
0.009	0.001	0.979	0.011
0.007	0.991	0.001	0.001
0.001	0.997	0.001	0.001
0.997	0.001	0.001	0.001
0.001	0.032	0.966	0.001
0.023	0.975	0.001	0.001
0.001	0.968	0.030	0.001
0.960	0.026	0.013	0.001
>GGTGTTTGGT	23-GGTGTTTGGT	10.296193	-3.830481	0	T:3.0(1.41%),B:136.9(0.28%),P:1e-1	Tpos:286.6,Tstd:163.9,Bpos:440.4,Bstd:240.6,StrandBias:10.0,Multiplicity:11.00
0.100	0.100	0.700	0.100
0.100	0.100	0.700	0.100
0.100	0.100	0.100	0.700
0.100	0.100	0.700	0.100
0.100	0.100	0.100	0.700
0.100	0.100	0.100	0.700
0.100	0.100	0.100	0.700
0.100	0.100	0.700	0.100
0.100	0.100	0.700	0.100
0.100	0.100	0.100	0.700
>GTTGCATTTG	24-GTTGCATTTG	10.296193	-3.313596	0	T:2.0(0.94%),B:69.7(0.14%),P:1e-1	Tpos:304.9,Tstd:163.2,Bpos:453.5,Bstd:277.2,StrandBias:10.0,Multiplicity:8.00
0.100	0.100	0.700	0.100
0.100	0.100	0.100	0.700
0.100	0.100	0.100	0.700
0.100	0.100	0.700	0.100
0.100	0.700	0.100	0.100
0.700	0.100	0.100	0.100
0.100	0.100	0.100	0.700
0.100	0.100	0.100	0.700
0.100	0.100	0.100	0.700
0.100	0.100	0.700	0.100
>ACCACAGAGC	25-ACCACAGAGC	10.296193	-2.493376	0	T:3.0(1.41%),B:235.1(0.48%),P:1e-1	Tpos:277.0,Tstd:159.6,Bpos:433.1,Bstd:272.1,StrandBias:-5.0,Multiplicity:11.33
0.700	0.100	0.100	0.100
0.100	0.700	0.100	0.100
0.100	0.700	0.100	0.100
0.700	0.100	0.100	0.100
0.100	0.700	0.100	0.100
0.700	0.100	0.100	0.100
0.100	0.100	0.700	0.100
0.700	0.100	0.100	0.100
0.100	0.100	0.700	0.100
0.100	0.700	0.100	0.100
