>ACCAATCAGCAC	1-ACCAATCAGCAC	9.346067	-107.800013	0	T:51.0(23.94%),B:658.5(1.34%),P:1e-46	Tpos:501.4,Tstd:358.1,Bpos:414.4,Bstd:361.9,StrandBias:-0.2,Multiplicity:3.31
0.997	0.001	0.001	0.001
0.001	0.997	0.001	0.001
0.001	0.997	0.001	0.001
0.997	0.001	0.001	0.001
0.997	0.001	0.001	0.001
0.001	0.001	0.001	0.997
0.001	0.997	0.001	0.001
0.838	0.043	0.118	0.001
0.161	0.001	0.837	0.001
0.001	0.997	0.001	0.001
0.997	0.001	0.001	0.001
0.001	0.997	0.001	0.001
>GTRTCTAGCTMA	2-GTRTCTAGCTMA	13.999946	-97.174022	0	T:40.0(18.78%),B:366.2(0.74%),P:1e-42	Tpos:476.0,Tstd:337.6,Bpos:424.9,Bstd:393.3,StrandBias:-0.4,Multiplicity:2.60
0.127	0.001	0.835	0.037
0.037	0.001	0.037	0.925
0.560	0.001	0.438	0.001
0.037	0.001	0.001	0.961
0.001	0.997	0.001	0.001
0.001	0.001	0.001	0.997
0.933	0.001	0.065	0.001
0.034	0.001	0.928	0.037
0.033	0.914	0.001	0.052
0.037	0.033	0.001	0.929
0.473	0.453	0.047	0.027
0.666	0.234	0.099	0.001
>GGYGGGCTGARK	3-GGYGGGCTGARK	12.094016	-92.746050	0	T:47.0(22.07%),B:698.1(1.42%),P:1e-40	Tpos:568.9,Tstd:298.0,Bpos:429.7,Bstd:280.7,StrandBias:0.9,Multiplicity:1.38
0.018	0.001	0.980	0.001
0.001	0.001	0.997	0.001
0.007	0.542	0.001	0.450
0.093	0.127	0.658	0.122
0.187	0.001	0.811	0.001
0.001	0.001	0.997	0.001
0.112	0.886	0.001	0.001
0.001	0.001	0.001	0.997
0.001	0.181	0.817	0.001
0.749	0.249	0.001	0.001
0.571	0.001	0.427	0.001
0.001	0.001	0.444	0.554
>TGGAGAACCTTT	4-TGGAGAACCTTT	11.137022	-89.289343	0	T:39.0(18.31%),B:412.6(0.84%),P:1e-38	Tpos:504.9,Tstd:332.5,Bpos:432.4,Bstd:367.3,StrandBias:-0.2,Multiplicity:2.15
0.001	0.001	0.001	0.997
0.031	0.001	0.967	0.001
0.001	0.024	0.974	0.001
0.972	0.001	0.026	0.001
0.001	0.001	0.997	0.001
0.997	0.001	0.001	0.001
0.997	0.001	0.001	0.001
0.001	0.889	0.001	0.109
0.001	0.783	0.024	0.192
0.001	0.001	0.001	0.997
0.001	0.001	0.001	0.997
0.001	0.001	0.001	0.997
>RTGTCTAGCTAA	5-RTGTCTAGCTAA	10.887959	-88.300005	0	T:41.0(19.25%),B:500.2(1.01%),P:1e-38	Tpos:493.0,Tstd:304.8,Bpos:423.8,Bstd:375.3,StrandBias:-0.3,Multiplicity:1.85
0.447	0.031	0.463	0.059
0.085	0.001	0.053	0.861
0.241	0.031	0.680	0.048
0.141	0.036	0.001	0.822
0.062	0.857	0.054	0.027
0.082	0.045	0.001	0.872
0.806	0.027	0.099	0.068
0.055	0.081	0.809	0.055
0.052	0.793	0.054	0.101
0.051	0.108	0.025	0.816
0.616	0.161	0.116	0.107
0.624	0.208	0.110	0.058
>AGTGGATCCCGC	6-AGTGGATCCCGC	12.811857	-84.767367	0	T:33.0(15.49%),B:260.2(0.53%),P:1e-36	Tpos:482.2,Tstd:232.4,Bpos:423.3,Bstd:318.5,StrandBias:0.4,Multiplicity:1.00
0.997	0.001	0.001	0.001
0.001	0.001	0.997	0.001
0.001	0.074	0.001	0.924
0.074	0.001	0.924	0.001
0.001	0.001	0.997	0.001
0.997	0.001	0.001	0.001
0.001	0.057	0.001	0.941
0.001	0.914	0.084	0.001
0.001	0.959	0.001	0.039
0.001	0.887	0.001	0.111
0.027	0.044	0.928	0.001
0.001	0.938	0.001	0.060
>TCTRGTGGGGAC	7-TCTRGTGGGGAC	9.011096	-82.084483	0	T:42.0(19.72%),B:632.1(1.28%),P:1e-35	Tpos:485.7,Tstd:328.4,Bpos:431.4,Bstd:353.2,StrandBias:-0.2,Multiplicity:1.83
0.001	0.001	0.001	0.997
0.001	0.997	0.001	0.001
0.001	0.001	0.001	0.997
0.573	0.001	0.425	0.001
0.001	0.001	0.997	0.001
0.001	0.001	0.001	0.997
0.001	0.001	0.997	0.001
0.001	0.001	0.997	0.001
0.001	0.001	0.997	0.001
0.001	0.204	0.794	0.001
0.829	0.169	0.001	0.001
0.001	0.760	0.205	0.034
>ACCGGGGCTGCG	8-ACCGGGGCTGCG	12.047726	-80.781318	0	T:41.0(19.25%),B:606.2(1.23%),P:1e-35	Tpos:526.2,Tstd:248.1,Bpos:432.1,Bstd:279.4,StrandBias:0.1,Multiplicity:1.46
0.997	0.001	0.001	0.001
0.001	0.972	0.026	0.001
0.030	0.837	0.001	0.132
0.026	0.176	0.765	0.033
0.001	0.043	0.955	0.001
0.001	0.155	0.843	0.001
0.001	0.001	0.997	0.001
0.001	0.997	0.001	0.001
0.001	0.001	0.001	0.997
0.001	0.001	0.997	0.001
0.001	0.997	0.001	0.001
0.200	0.026	0.773	0.001
>GTTTACAATCCC	9-GTTTACAATCCC	12.980491	-79.555013	0	T:36.0(16.90%),B:412.1(0.84%),P:1e-34	Tpos:530.2,Tstd:343.7,Bpos:414.8,Bstd:377.2,StrandBias:0.0,Multiplicity:2.67
0.411	0.025	0.563	0.001
0.001	0.060	0.001	0.938
0.001	0.053	0.001	0.945
0.001	0.118	0.001	0.880
0.971	0.001	0.001	0.027
0.001	0.961	0.001	0.037
0.997	0.001	0.001	0.001
0.918	0.080	0.001	0.001
0.402	0.001	0.001	0.596
0.044	0.928	0.027	0.001
0.001	0.924	0.044	0.031
0.001	0.724	0.001	0.274
>SGGAGCCGGCTC	10-SGGAGCCGGCTC	12.232984	-75.778513	0	T:32.0(15.02%),B:310.5(0.63%),P:1e-32	Tpos:605.7,Tstd:337.3,Bpos:451.7,Bstd:289.8,StrandBias:0.0,Multiplicity:1.00
0.026	0.497	0.456	0.020
0.015	0.001	0.983	0.001
0.029	0.021	0.949	0.001
0.997	0.001	0.001	0.001
0.001	0.001	0.997	0.001
0.001	0.997	0.001	0.001
0.001	0.997	0.001	0.001
0.001	0.001	0.968	0.030
0.001	0.001	0.997	0.001
0.001	0.997	0.001	0.001
0.001	0.001	0.001	0.997
0.001	0.980	0.018	0.001
>GCCCGGCGAGAA	11-GCCCGGCGAGAA	12.684675	-74.655231	0	T:31.0(14.55%),B:288.9(0.59%),P:1e-32	Tpos:572.1,Tstd:171.9,Bpos:408.0,Bstd:244.3,StrandBias:0.6,Multiplicity:1.06
0.001	0.001	0.886	0.112
0.001	0.997	0.001	0.001
0.001	0.997	0.001	0.001
0.001	0.877	0.072	0.050
0.111	0.070	0.755	0.064
0.001	0.001	0.997	0.001
0.001	0.957	0.001	0.041
0.001	0.001	0.997	0.001
0.935	0.001	0.063	0.001
0.127	0.001	0.871	0.001
0.997	0.001	0.001	0.001
0.997	0.001	0.001	0.001
>GTCCCATCGACC	12-GTCCCATCGACC	11.480176	-72.833242	0	T:35.0(16.43%),B:458.7(0.93%),P:1e-31	Tpos:497.8,Tstd:228.1,Bpos:392.6,Bstd:280.7,StrandBias:-0.1,Multiplicity:1.00
0.284	0.001	0.714	0.001
0.001	0.215	0.001	0.783
0.001	0.738	0.260	0.001
0.001	0.994	0.001	0.004
0.001	0.997	0.001	0.001
0.997	0.001	0.001	0.001
0.284	0.048	0.001	0.667
0.004	0.624	0.220	0.152
0.285	0.265	0.449	0.001
0.986	0.008	0.005	0.001
0.001	0.997	0.001	0.001
0.285	0.711	0.001	0.003
>GGGTTTGTGAAT	13-GGGTTTGTGAAT	12.131756	-70.057230	0	T:27.0(12.68%),B:207.8(0.42%),P:1e-30	Tpos:448.4,Tstd:322.0,Bpos:409.7,Bstd:372.4,StrandBias:-0.4,Multiplicity:1.19
0.001	0.001	0.997	0.001
0.001	0.001	0.997	0.001
0.001	0.001	0.997	0.001
0.033	0.001	0.001	0.965
0.001	0.001	0.001	0.997
0.001	0.001	0.001	0.997
0.001	0.001	0.997	0.001
0.001	0.001	0.001	0.997
0.001	0.001	0.997	0.001
0.584	0.001	0.414	0.001
0.590	0.001	0.408	0.001
0.001	0.001	0.001	0.997
>AATAAARGCAGG	14-AATAAARGCAGG	11.445476	-69.960492	0	T:31.0(14.55%),B:337.7(0.68%),P:1e-30	Tpos:510.7,Tstd:459.8,Bpos:440.2,Bstd:315.1,StrandBias:-0.1,Multiplicity:1.00
0.696	0.302	0.001	0.001
0.790	0.208	0.001	0.001
0.001	0.098	0.001	0.900
0.856	0.001	0.001	0.142
0.790	0.001	0.001	0.208
0.997	0.001	0.001	0.001
0.340	0.209	0.450	0.001
0.001	0.001	0.997	0.001
0.208	0.790	0.001	0.001
0.997	0.001	0.001	0.001
0.001	0.001	0.997	0.001
0.001	0.001	0.905	0.093
>CCMTCCGGAGCT	15-CCMTCCGGAGCT	10.277853	-65.848966	0	T:48.0(22.54%),B:1363.2(2.76%),P:1e-28	Tpos:591.3,Tstd:266.6,Bpos:429.5,Bstd:258.0,StrandBias:0.9,Multiplicity:1.44
0.001	0.993	0.001	0.005
0.001	0.904	0.001	0.094
0.458	0.491	0.001	0.049
0.001	0.150	0.125	0.724
0.001	0.908	0.001	0.090
0.001	0.686	0.033	0.280
0.001	0.001	0.930	0.068
0.001	0.271	0.603	0.125
0.617	0.326	0.056	0.001
0.282	0.033	0.443	0.243
0.001	0.756	0.191	0.052
0.001	0.261	0.001	0.737
>CCGGCTGGCCTG	16-CCGGCTGGCCTG	9.955450	-63.387246	0	T:53.0(24.88%),B:1845.8(3.74%),P:1e-27	Tpos:732.3,Tstd:462.1,Bpos:435.8,Bstd:300.5,StrandBias:-1.1,Multiplicity:1.89
0.052	0.698	0.056	0.194
0.021	0.620	0.022	0.337
0.208	0.227	0.437	0.127
0.001	0.093	0.882	0.024
0.266	0.694	0.017	0.023
0.042	0.108	0.056	0.794
0.001	0.044	0.891	0.064
0.050	0.110	0.816	0.024
0.063	0.676	0.217	0.044
0.055	0.600	0.001	0.344
0.023	0.234	0.227	0.516
0.113	0.329	0.543	0.015
>GGTGCTAAGCCC	17-GGTGCTAAGCCC	9.030826	-61.973001	0	T:37.0(17.37%),B:746.0(1.51%),P:1e-26	Tpos:585.1,Tstd:205.9,Bpos:421.8,Bstd:254.5,StrandBias:0.0,Multiplicity:1.00
0.001	0.001	0.997	0.001
0.001	0.001	0.997	0.001
0.001	0.001	0.156	0.842
0.006	0.001	0.992	0.001
0.001	0.986	0.001	0.012
0.001	0.001	0.001	0.997
0.842	0.002	0.002	0.154
0.997	0.001	0.001	0.001
0.001	0.132	0.866	0.001
0.001	0.997	0.001	0.001
0.156	0.842	0.001	0.001
0.001	0.997	0.001	0.001
>TCWTCAGTTAAG	18-TCWTCAGTTAAG	13.053661	-59.306996	0	T:12.0(5.63%),B:9.9(0.02%),P:1e-25	Tpos:380.6,Tstd:182.6,Bpos:450.5,Bstd:187.8,StrandBias:0.1,Multiplicity:1.75
0.001	0.062	0.130	0.807
0.071	0.807	0.065	0.057
0.533	0.001	0.001	0.465
0.001	0.064	0.001	0.934
0.065	0.674	0.065	0.196
0.733	0.136	0.130	0.001
0.065	0.130	0.804	0.001
0.065	0.065	0.001	0.869
0.065	0.065	0.065	0.805
0.804	0.130	0.065	0.001
0.591	0.343	0.001	0.065
0.001	0.065	0.650	0.284
>ACTTCTTTTGTG	19-ACTTCTTTTGTG	12.355432	-58.046431	0	T:12.0(5.63%),B:10.1(0.02%),P:1e-25	Tpos:416.8,Tstd:201.0,Bpos:447.2,Bstd:186.6,StrandBias:0.5,Multiplicity:1.42
0.700	0.100	0.100	0.100
0.100	0.700	0.100	0.100
0.100	0.100	0.100	0.700
0.100	0.100	0.100	0.700
0.100	0.700	0.100	0.100
0.100	0.100	0.100	0.700
0.100	0.100	0.100	0.700
0.100	0.100	0.100	0.700
0.100	0.100	0.100	0.700
0.100	0.100	0.700	0.100
0.100	0.100	0.100	0.700
0.100	0.100	0.700	0.100
>CTGSCHGSCAGH	20-CTGSCHGSCAGH	10.486173	-55.535638	0	T:39.0(18.31%),B:1035.2(2.10%),P:1e-24	Tpos:495.5,Tstd:228.6,Bpos:425.3,Bstd:281.4,StrandBias:0.0,Multiplicity:1.00
0.072	0.740	0.001	0.187
0.156	0.065	0.001	0.778
0.001	0.001	0.957	0.041
0.065	0.477	0.336	0.122
0.147	0.750	0.001	0.102
0.337	0.305	0.123	0.235
0.151	0.092	0.756	0.001
0.032	0.408	0.393	0.168
0.001	0.845	0.010	0.144
0.706	0.181	0.023	0.090
0.001	0.267	0.731	0.001
0.264	0.358	0.011	0.367
>TCTCCTCGGCGC	21-TCTCCTCGGCGC	9.313633	-36.682950	0	T:54.0(25.35%),B:3484.2(7.06%),P:1e-15	Tpos:486.3,Tstd:195.1,Bpos:430.7,Bstd:267.0,StrandBias:-0.3,Multiplicity:1.16
0.138	0.057	0.176	0.629
0.001	0.909	0.054	0.036
0.167	0.096	0.027	0.710
0.001	0.896	0.062	0.041
0.017	0.897	0.027	0.059
0.126	0.043	0.084	0.747
0.091	0.584	0.272	0.053
0.183	0.107	0.597	0.113
0.044	0.058	0.886	0.012
0.096	0.711	0.058	0.135
0.070	0.211	0.653	0.066
0.042	0.909	0.013	0.036
>CTCCTCGGCGCC	22-CTCCTCGGCGCC	9.056001	-20.154248	0	T:51.0(23.94%),B:4850.9(9.84%),P:1e-8	Tpos:622.5,Tstd:414.3,Bpos:445.2,Bstd:256.0,StrandBias:0.1,Multiplicity:1.23
0.001	0.634	0.364	0.001
0.001	0.259	0.011	0.729
0.001	0.694	0.046	0.259
0.105	0.712	0.001	0.182
0.112	0.064	0.001	0.823
0.019	0.565	0.237	0.179
0.001	0.146	0.753	0.100
0.001	0.060	0.730	0.209
0.093	0.770	0.083	0.054
0.062	0.029	0.908	0.001
0.064	0.761	0.174	0.001
0.064	0.934	0.001	0.001
>GTTTGGTGTAGT	23-GTTTGGTGTAGT	9.671387	-12.784028	0	T:3.0(1.41%),B:6.3(0.01%),P:1e-5	Tpos:304.3,Tstd:174.1,Bpos:218.5,Bstd:120.0,StrandBias:5.0,Multiplicity:11.33
0.001	0.001	0.997	0.001
0.001	0.001	0.001	0.997
0.001	0.001	0.001	0.997
0.001	0.024	0.001	0.974
0.001	0.001	0.997	0.001
0.001	0.001	0.997	0.001
0.001	0.001	0.001	0.997
0.001	0.001	0.997	0.001
0.001	0.246	0.001	0.752
0.997	0.001	0.001	0.001
0.001	0.001	0.997	0.001
0.001	0.001	0.001	0.997
>CTCTGTGGTGGT	24-CTCTGTGGTGGT	12.355432	-6.651701	0	T:2.0(0.94%),B:12.5(0.03%),P:1e-2	Tpos:280.2,Tstd:162.0,Bpos:343.3,Bstd:259.0,StrandBias:10.0,Multiplicity:16.50
0.100	0.700	0.100	0.100
0.100	0.100	0.100	0.700
0.100	0.700	0.100	0.100
0.100	0.100	0.100	0.700
0.100	0.100	0.700	0.100
0.100	0.100	0.100	0.700
0.100	0.100	0.700	0.100
0.100	0.100	0.700	0.100
0.100	0.100	0.100	0.700
0.100	0.100	0.700	0.100
0.100	0.100	0.700	0.100
0.100	0.100	0.100	0.700
>GTCTCCTCGGCG	25-GTCTCCTCGGCG	2.577309	-3.969798	0	T:30.0(14.08%),B:4678.9(9.49%),P:1e-1	Tpos:528.6,Tstd:389.1,Bpos:448.0,Bstd:253.6,StrandBias:1.3,Multiplicity:1.55
0.001	0.001	0.997	0.001
0.001	0.001	0.001	0.997
0.001	0.997	0.001	0.001
0.001	0.001	0.001	0.997
0.001	0.997	0.001	0.001
0.001	0.997	0.001	0.001
0.001	0.001	0.001	0.997
0.001	0.997	0.001	0.001
0.001	0.001	0.997	0.001
0.001	0.001	0.997	0.001
0.001	0.806	0.192	0.001
0.001	0.001	0.997	0.001
