>TTTGCCAGCAAA	7-TTTGCCAGCAAA	8.438154	-34.644889	0	T:708.0(17.28%),B:5959.1(12.92%),P:1e-15
0.047	0.134	0.019	0.800
0.023	0.114	0.086	0.777
0.080	0.085	0.117	0.718
0.137	0.148	0.590	0.125
0.072	0.689	0.115	0.124
0.143	0.787	0.065	0.005
0.857	0.058	0.001	0.084
0.132	0.021	0.803	0.044
0.147	0.680	0.131	0.042
0.816	0.078	0.056	0.050
0.701	0.110	0.153	0.036
0.769	0.043	0.116	0.072
