>GGGGGKGGGGGG	13-GGGGGKGGGGGG	11.625491	-19.179949	0	T:332.0(8.10%),B:2708.8(5.87%),P:1e-8
0.091	0.041	0.867	0.001
0.005	0.109	0.885	0.001
0.001	0.067	0.931	0.001
0.018	0.052	0.929	0.001
0.001	0.069	0.929	0.001
0.152	0.105	0.388	0.354
0.044	0.040	0.915	0.001
0.001	0.079	0.864	0.056
0.001	0.058	0.940	0.001
0.001	0.030	0.936	0.033
0.034	0.001	0.964	0.001
0.066	0.190	0.743	0.001
