>TTGGCTTTGGAA	8-TTCCAAAGCCAA	8.910643	-34.075472	0	T:542.0(13.23%),B:4347.1(9.43%),P:1e-14
0.079	0.093	0.092	0.736
0.081	0.074	0.072	0.773
0.088	0.068	0.730	0.114
0.082	0.081	0.736	0.101
0.077	0.738	0.076	0.109
0.081	0.097	0.060	0.762
0.070	0.119	0.078	0.733
0.083	0.072	0.079	0.766
0.094	0.046	0.775	0.085
0.106	0.080	0.729	0.085
0.745	0.098	0.082	0.075
0.776	0.079	0.075	0.070
