>YTTGGCAGGAAA	3-YTTGGCAGGAAA,BestGuess:NF1-halfsite(CTF)/LNCaP-NF1-ChIP-Seq(Unpublished)/Homer(0.784)	9.042768	-54.199570	0	T:805.0(19.65%),B:6411.9(13.90%),P:1e-23
0.133	0.416	0.161	0.290
0.017	0.247	0.015	0.721
0.026	0.032	0.163	0.779
0.051	0.006	0.900	0.043
0.086	0.203	0.704	0.007
0.247	0.628	0.108	0.017
0.962	0.001	0.001	0.036
0.247	0.001	0.738	0.014
0.202	0.051	0.649	0.098
0.584	0.028	0.350	0.038
0.755	0.107	0.107	0.031
0.650	0.071	0.212	0.067
