>CTGCCAGCTGGC	9-CTGCCAGCTGGC	7.959946	-33.863897	0	T:746.0(18.21%),B:6361.9(13.80%),P:1e-14
0.137	0.549	0.160	0.154
0.211	0.092	0.089	0.608
0.069	0.137	0.652	0.142
0.119	0.532	0.250	0.099
0.111	0.716	0.094	0.079
0.647	0.086	0.081	0.186
0.078	0.097	0.705	0.120
0.090	0.704	0.132	0.074
0.258	0.082	0.069	0.591
0.077	0.079	0.702	0.142
0.109	0.189	0.561	0.141
0.170	0.515	0.154	0.161
