>GGGGAAAAAAAA	12-GGGGAAAAAAAA,BestGuess:PB0186.1_Tcf3_2/Jaspar(0.793)	11.768993	-22.546279	0	T:235.0(5.74%),B:1718.4(3.73%),P:1e-9
0.078	0.001	0.868	0.053
0.091	0.049	0.721	0.139
0.144	0.001	0.791	0.064
0.137	0.074	0.777	0.012
0.727	0.059	0.203	0.011
0.907	0.005	0.049	0.039
0.910	0.017	0.061	0.012
0.851	0.036	0.100	0.013
0.795	0.067	0.068	0.070
0.837	0.097	0.051	0.015
0.815	0.024	0.138	0.023
0.821	0.045	0.071	0.063
