>GGCAGCCCCGGG	18-GGCAGCCCCGGG	9.334191	-11.692091	0	T:393.0(9.59%),B:3563.2(7.73%),P:1e-5
0.091	0.078	0.752	0.079
0.070	0.126	0.736	0.068
0.071	0.808	0.084	0.037
0.739	0.084	0.080	0.097
0.054	0.077	0.822	0.047
0.051	0.785	0.105	0.059
0.070	0.766	0.068	0.096
0.081	0.748	0.077	0.094
0.105	0.666	0.090	0.139
0.112	0.089	0.690	0.109
0.082	0.067	0.756	0.095
0.107	0.106	0.732	0.055
