>TTCCAAAGCCAA	8-TTCCAAAGCCAA,BestGuess:NF1:FOXA1(CTF,Forkhead)/LNCAP-FOXA1-ChIP-Seq(GSE27824)/Homer(0.663)	8.910643	-34.075472	0	T:542.0(13.23%),B:4347.1(9.43%),P:1e-14
0.070	0.075	0.079	0.776
0.075	0.082	0.098	0.745
0.085	0.729	0.080	0.106
0.085	0.775	0.046	0.094
0.766	0.079	0.072	0.083
0.733	0.078	0.119	0.070
0.762	0.060	0.097	0.081
0.109	0.076	0.738	0.077
0.101	0.736	0.081	0.082
0.114	0.730	0.068	0.088
0.773	0.072	0.074	0.081
0.736	0.092	0.093	0.079
