>NAGGGGTAGCCK	21-NAGGGGTAGCCK,BestGuess:PB0156.1_Plagl1_2/Jaspar(0.677)	7.166695	-4.815636	0	T:263.0(6.42%),B:2551.0(5.53%),P:1e-2
0.254	0.190	0.293	0.263
0.610	0.166	0.107	0.117
0.133	0.156	0.602	0.109
0.094	0.137	0.635	0.134
0.112	0.142	0.627	0.119
0.121	0.123	0.607	0.149
0.104	0.108	0.082	0.706
0.650	0.130	0.079	0.141
0.153	0.153	0.598	0.096
0.118	0.660	0.086	0.136
0.107	0.636	0.159	0.098
0.185	0.193	0.375	0.246
