>CCAGATGTGAAA	6-CCAGATGTGAAA,BestGuess:TWIST1/MA1123.1/Jaspar(0.838)	9.250870	-36.054969	0	T:440.0(10.74%),B:3332.0(7.23%),P:1e-15
0.085	0.696	0.094	0.125
0.078	0.824	0.020	0.078
0.860	0.003	0.013	0.124
0.095	0.134	0.747	0.024
0.730	0.135	0.025	0.110
0.105	0.017	0.051	0.827
0.033	0.079	0.723	0.165
0.119	0.003	0.086	0.792
0.082	0.105	0.707	0.106
0.652	0.088	0.118	0.142
0.724	0.174	0.057	0.045
0.718	0.078	0.081	0.123
