>CCGGCAGCCGGG	10-CCGGCAGCCGGG,BestGuess:ASCL1/MA1100.1/Jaspar(0.646)	9.286126	-33.642579	0	T:470.0(11.47%),B:3668.1(7.95%),P:1e-14
0.044	0.914	0.034	0.008
0.073	0.809	0.073	0.045
0.081	0.034	0.800	0.085
0.053	0.055	0.873	0.019
0.054	0.844	0.090	0.012
0.843	0.058	0.041	0.058
0.018	0.075	0.850	0.057
0.046	0.860	0.057	0.037
0.068	0.801	0.070	0.061
0.084	0.037	0.776	0.103
0.066	0.070	0.806	0.058
0.036	0.055	0.827	0.082
