>MGGCTACCCCTN	21-NAGGGGTAGCCK	7.166695	-4.815636	0	T:263.0(6.42%),B:2551.0(5.53%),P:1e-2
0.246	0.375	0.193	0.185
0.098	0.159	0.636	0.107
0.136	0.086	0.660	0.118
0.096	0.598	0.153	0.153
0.141	0.079	0.130	0.650
0.706	0.082	0.108	0.104
0.149	0.607	0.123	0.121
0.119	0.627	0.142	0.112
0.134	0.635	0.137	0.094
0.109	0.602	0.156	0.133
0.117	0.107	0.166	0.610
0.263	0.293	0.190	0.254
