>TTTCACATCTGG	6-CCAGATGTGAAA	9.250870	-36.054969	0	T:440.0(10.74%),B:3332.0(7.23%),P:1e-15
0.123	0.081	0.078	0.718
0.045	0.057	0.174	0.724
0.142	0.118	0.088	0.652
0.106	0.707	0.105	0.082
0.792	0.086	0.003	0.119
0.165	0.723	0.079	0.033
0.827	0.051	0.017	0.105
0.110	0.025	0.135	0.730
0.024	0.747	0.134	0.095
0.124	0.013	0.003	0.860
0.078	0.020	0.824	0.078
0.125	0.094	0.696	0.085
