>CCCGGCTGCCGG	10-CCGGCAGCCGGG	9.286126	-33.642579	0	T:470.0(11.47%),B:3668.1(7.95%),P:1e-14
0.082	0.827	0.055	0.036
0.058	0.806	0.070	0.066
0.103	0.776	0.037	0.084
0.061	0.070	0.801	0.068
0.037	0.057	0.860	0.046
0.057	0.850	0.075	0.018
0.058	0.041	0.058	0.843
0.012	0.090	0.844	0.054
0.019	0.873	0.055	0.053
0.085	0.800	0.034	0.081
0.045	0.073	0.809	0.073
0.008	0.034	0.914	0.044
