>MAAATGTTTCCA	4-MAAATGTTTCCA	9.796592	-37.109981	0	T:351.0(8.57%),B:2494.1(5.41%),P:1e-16
0.286	0.418	0.205	0.091
0.976	0.012	0.001	0.011
0.531	0.155	0.152	0.162
0.635	0.195	0.018	0.152
0.180	0.050	0.003	0.767
0.155	0.011	0.833	0.001
0.070	0.347	0.017	0.566
0.001	0.001	0.017	0.981
0.046	0.029	0.108	0.817
0.084	0.679	0.013	0.224
0.215	0.741	0.001	0.043
0.570	0.188	0.001	0.241
