>TTTTTTTTCCCC	12-GGGGAAAAAAAA	11.768993	-22.546279	0	T:235.0(5.74%),B:1718.4(3.73%),P:1e-9
0.063	0.071	0.045	0.821
0.023	0.138	0.024	0.815
0.015	0.051	0.097	0.837
0.070	0.068	0.067	0.795
0.013	0.100	0.036	0.851
0.012	0.061	0.017	0.910
0.039	0.049	0.005	0.907
0.011	0.203	0.059	0.727
0.012	0.777	0.074	0.137
0.064	0.791	0.001	0.144
0.139	0.721	0.049	0.091
0.053	0.868	0.001	0.078
