>CCGAAAAG	1-CCGAAAAG	9.807014	-30.599211	0	T:168.0(9.96%),B:2562.5(5.40%),P:1e-13	Tpos:3790.3,Tstd:6181.5,Bpos:1330.2,Bstd:799.9,StrandBias:0.1,Multiplicity:1.17
0.001	0.997	0.001	0.001
0.001	0.997	0.001	0.001
0.001	0.001	0.997	0.001
0.715	0.001	0.283	0.001
0.997	0.001	0.001	0.001
0.997	0.001	0.001	0.001
0.997	0.001	0.001	0.001
0.001	0.001	0.997	0.001
>CGCTTTTC	2-CGCTTTTC	10.198426	-21.945582	0	T:107.0(6.34%),B:1567.8(3.30%),P:1e-9	Tpos:4527.2,Tstd:9977.8,Bpos:1309.5,Bstd:838.9,StrandBias:0.2,Multiplicity:1.06
0.104	0.827	0.068	0.001
0.091	0.001	0.783	0.125
0.001	0.888	0.072	0.039
0.047	0.001	0.023	0.929
0.018	0.001	0.001	0.980
0.062	0.001	0.001	0.936
0.001	0.001	0.031	0.967
0.029	0.865	0.070	0.036
>TCAGCGAA	3-TCAGCGAA	8.751680	-20.824578	0	T:132.0(7.82%),B:2124.1(4.47%),P:1e-9	Tpos:2770.8,Tstd:4416.3,Bpos:1314.8,Bstd:800.5,StrandBias:-0.2,Multiplicity:1.06
0.001	0.001	0.001	0.997
0.001	0.997	0.001	0.001
0.876	0.001	0.122	0.001
0.001	0.001	0.997	0.001
0.001	0.997	0.001	0.001
0.001	0.001	0.997	0.001
0.997	0.001	0.001	0.001
0.805	0.193	0.001	0.001
>ATTTGCAT	4-ATTTGCAT	10.394243	-18.417658	0	T:306.0(18.14%),B:6300.7(13.27%),P:1e-7	Tpos:2836.8,Tstd:5977.6,Bpos:1303.6,Bstd:789.2,StrandBias:-0.1,Multiplicity:1.28
0.901	0.001	0.097	0.001
0.001	0.001	0.001	0.997
0.001	0.088	0.001	0.910
0.139	0.028	0.001	0.832
0.175	0.001	0.823	0.001
0.001	0.997	0.001	0.001
0.997	0.001	0.001	0.001
0.102	0.001	0.001	0.896
>CGGTTAAS	5-CGGTTAAS	5.312854	-16.267307	0	T:239.0(14.17%),B:4799.0(10.10%),P:1e-7	Tpos:3656.8,Tstd:6868.1,Bpos:1320.7,Bstd:805.4,StrandBias:0.0,Multiplicity:1.24
0.181	0.540	0.175	0.104
0.204	0.169	0.474	0.152
0.125	0.256	0.496	0.123
0.097	0.118	0.084	0.701
0.151	0.062	0.097	0.690
0.552	0.118	0.063	0.267
0.547	0.124	0.219	0.110
0.167	0.276	0.414	0.143
>TCAGTTAC	6-TCAGTTAC	8.512312	-15.759496	0	T:325.0(19.26%),B:6957.3(14.65%),P:1e-6	Tpos:3144.6,Tstd:6665.5,Bpos:1295.6,Bstd:795.6,StrandBias:-0.0,Multiplicity:1.21
0.001	0.001	0.001	0.997
0.001	0.997	0.001	0.001
0.875	0.001	0.123	0.001
0.001	0.001	0.795	0.203
0.120	0.001	0.001	0.878
0.103	0.001	0.001	0.895
0.997	0.001	0.001	0.001
0.001	0.997	0.001	0.001
>ATYTGCGC	7-ATYTGCGC	7.326776	-15.102880	0	T:363.0(21.52%),B:7970.7(16.78%),P:1e-6	Tpos:4369.4,Tstd:9704.3,Bpos:1346.4,Bstd:780.3,StrandBias:0.2,Multiplicity:1.49
0.835	0.001	0.163	0.001
0.001	0.212	0.311	0.475
0.001	0.509	0.001	0.489
0.001	0.231	0.001	0.767
0.001	0.086	0.820	0.093
0.001	0.982	0.005	0.012
0.031	0.111	0.857	0.001
0.001	0.772	0.226	0.001
>TAAAACCG	8-TAAAACCG	8.862762	-15.061971	0	T:108.0(6.40%),B:1819.6(3.83%),P:1e-6	Tpos:3671.1,Tstd:8661.1,Bpos:1300.2,Bstd:852.3,StrandBias:0.0,Multiplicity:1.10
0.062	0.054	0.088	0.796
0.997	0.001	0.001	0.001
0.957	0.001	0.041	0.001
0.971	0.001	0.018	0.010
0.893	0.074	0.032	0.001
0.049	0.920	0.030	0.001
0.114	0.604	0.199	0.083
0.001	0.001	0.894	0.104
>GSGRRAAA	9-GSGRRAAA	7.241868	-13.407358	0	T:69.0(4.09%),B:1048.6(2.21%),P:1e-5	Tpos:5105.2,Tstd:9039.9,Bpos:1381.0,Bstd:774.2,StrandBias:0.8,Multiplicity:1.15
0.196	0.037	0.746	0.021
0.125	0.486	0.387	0.001
0.098	0.017	0.884	0.001
0.416	0.002	0.473	0.108
0.439	0.173	0.387	0.001
0.731	0.025	0.135	0.109
0.740	0.014	0.171	0.075
0.592	0.029	0.266	0.113
>TCGCCCTC	10-TCGCCCTC	5.532226	-13.252948	0	T:471.0(27.92%),B:10938.7(23.03%),P:1e-5	Tpos:5148.0,Tstd:9234.1,Bpos:1357.8,Bstd:770.6,StrandBias:-0.0,Multiplicity:2.17
0.001	0.001	0.123	0.875
0.001	0.997	0.001	0.001
0.001	0.001	0.997	0.001
0.001	0.997	0.001	0.001
0.001	0.926	0.036	0.037
0.001	0.997	0.001	0.001
0.001	0.001	0.001	0.997
0.111	0.884	0.001	0.004
>ACAAAACG	11-ACAAAACG	8.282650	-12.469814	0	T:177.0(10.49%),B:3538.2(7.45%),P:1e-5	Tpos:4363.5,Tstd:8810.7,Bpos:1316.7,Bstd:826.2,StrandBias:0.0,Multiplicity:1.16
0.630	0.001	0.108	0.261
0.136	0.851	0.011	0.002
0.894	0.001	0.070	0.035
0.988	0.001	0.001	0.010
0.905	0.001	0.020	0.074
0.679	0.163	0.007	0.151
0.001	0.940	0.058	0.001
0.001	0.001	0.992	0.006
>TTGTTCGC	12-TTGTTCGC	8.397184	-12.241601	0	T:430.0(25.49%),B:9960.3(20.97%),P:1e-5	Tpos:4022.6,Tstd:8485.6,Bpos:1308.5,Bstd:799.6,StrandBias:0.1,Multiplicity:1.41
0.001	0.029	0.001	0.969
0.036	0.001	0.001	0.962
0.035	0.149	0.786	0.030
0.014	0.014	0.018	0.954
0.027	0.026	0.020	0.927
0.001	0.802	0.001	0.196
0.001	0.057	0.737	0.205
0.019	0.932	0.019	0.030
>AGGCTTTA	13-AGGCTTTA	8.715697	-11.676159	0	T:288.0(17.07%),B:6344.6(13.36%),P:1e-5	Tpos:3417.7,Tstd:6031.6,Bpos:1301.8,Bstd:804.9,StrandBias:-0.1,Multiplicity:1.29
0.921	0.001	0.077	0.001
0.208	0.001	0.790	0.001
0.001	0.035	0.963	0.001
0.041	0.813	0.066	0.080
0.001	0.001	0.001	0.997
0.001	0.001	0.001	0.997
0.001	0.001	0.001	0.997
0.626	0.105	0.156	0.113
>TTAAACGG	14-TTAAACGG	7.513699	-11.557871	0	T:419.0(24.84%),B:9740.7(20.51%),P:1e-5	Tpos:3495.8,Tstd:6426.3,Bpos:1304.5,Bstd:818.2,StrandBias:0.0,Multiplicity:1.43
0.097	0.112	0.073	0.718
0.120	0.031	0.123	0.726
0.756	0.047	0.042	0.155
0.926	0.040	0.006	0.028
0.824	0.071	0.074	0.031
0.204	0.600	0.176	0.020
0.127	0.062	0.700	0.111
0.100	0.116	0.755	0.029
>CGTTACCT	15-CGTTACCT	7.239461	-10.210300	0	T:447.0(26.50%),B:10623.6(22.37%),P:1e-4	Tpos:3780.5,Tstd:7143.7,Bpos:1320.7,Bstd:802.6,StrandBias:0.0,Multiplicity:1.38
0.081	0.733	0.117	0.069
0.065	0.157	0.637	0.141
0.017	0.073	0.077	0.833
0.050	0.022	0.045	0.883
0.670	0.107	0.065	0.158
0.200	0.686	0.079	0.035
0.059	0.734	0.079	0.128
0.058	0.050	0.063	0.829
>TAAACAGC	16-TAAACAGC	8.586410	-9.602213	0	T:293.0(17.37%),B:6658.4(14.02%),P:1e-4	Tpos:3540.1,Tstd:8100.8,Bpos:1314.9,Bstd:809.5,StrandBias:-0.2,Multiplicity:1.27
0.161	0.001	0.001	0.837
0.916	0.001	0.001	0.082
0.997	0.001	0.001	0.001
0.997	0.001	0.001	0.001
0.138	0.860	0.001	0.001
0.898	0.014	0.001	0.087
0.001	0.001	0.920	0.078
0.059	0.724	0.066	0.151
>CGCAGCGC	17-CGCAGCGC	7.978834	-9.250982	0	T:209.0(12.39%),B:4553.5(9.59%),P:1e-4	Tpos:4748.9,Tstd:7749.0,Bpos:1362.6,Bstd:764.2,StrandBias:0.1,Multiplicity:1.56
0.087	0.603	0.001	0.309
0.001	0.001	0.997	0.001
0.330	0.600	0.001	0.069
0.619	0.001	0.001	0.379
0.001	0.001	0.997	0.001
0.308	0.690	0.001	0.001
0.048	0.229	0.578	0.145
0.001	0.912	0.001	0.086
>CCTCCCCC	18-CCTCCCCC	10.278600	-8.194848	0	T:555.0(32.90%),B:13777.1(29.01%),P:1e-3	Tpos:4630.5,Tstd:8757.6,Bpos:1335.0,Bstd:781.8,StrandBias:0.0,Multiplicity:2.15
0.001	0.784	0.066	0.149
0.001	0.920	0.001	0.078
0.233	0.001	0.141	0.625
0.001	0.997	0.001	0.001
0.001	0.997	0.001	0.001
0.001	0.997	0.001	0.001
0.001	0.997	0.001	0.001
0.001	0.997	0.001	0.001
>TTGTTAAC	19-TTGTTAAC	8.636607	-8.009175	0	T:202.0(11.97%),B:4483.4(9.44%),P:1e-3	Tpos:3531.0,Tstd:7722.3,Bpos:1289.7,Bstd:804.6,StrandBias:-0.1,Multiplicity:1.14
0.032	0.181	0.051	0.736
0.056	0.001	0.001	0.942
0.030	0.001	0.886	0.083
0.001	0.061	0.045	0.893
0.024	0.001	0.045	0.930
0.917	0.001	0.001	0.081
0.926	0.055	0.018	0.001
0.071	0.807	0.040	0.082
>GTGCGCGA	20-GTGCGCGA	8.236954	-7.445398	0	T:44.0(2.61%),B:724.6(1.53%),P:1e-3	Tpos:2308.0,Tstd:1682.6,Bpos:1345.9,Bstd:748.9,StrandBias:2.7,Multiplicity:3.00
0.100	0.100	0.700	0.100
0.100	0.100	0.100	0.700
0.100	0.100	0.700	0.100
0.100	0.700	0.100	0.100
0.100	0.100	0.700	0.100
0.100	0.700	0.100	0.100
0.100	0.100	0.700	0.100
0.700	0.100	0.100	0.100
>TTCGAAAG	21-TTCGAAAG	8.737927	-5.733686	0	T:298.0(17.66%),B:7224.3(15.21%),P:1e-2	Tpos:4193.3,Tstd:7821.3,Bpos:1300.6,Bstd:819.9,StrandBias:0.1,Multiplicity:1.34
0.001	0.072	0.043	0.884
0.001	0.001	0.026	0.972
0.081	0.653	0.075	0.191
0.103	0.001	0.737	0.159
0.904	0.094	0.001	0.001
0.985	0.001	0.001	0.013
0.956	0.020	0.023	0.001
0.074	0.001	0.924	0.001
>AGGGCGGG	22-AGGGCGGG	9.875300	-5.274420	0	T:534.0(31.65%),B:13664.2(28.77%),P:1e-2	Tpos:3921.0,Tstd:7873.7,Bpos:1320.3,Bstd:703.6,StrandBias:0.2,Multiplicity:3.05
0.535	0.001	0.303	0.161
0.001	0.001	0.997	0.001
0.001	0.001	0.997	0.001
0.001	0.001	0.997	0.001
0.001	0.997	0.001	0.001
0.001	0.001	0.997	0.001
0.001	0.001	0.997	0.001
0.001	0.001	0.997	0.001
>MACGAAVG	23-MACGAAVG	6.691540	-4.028304	0	T:355.0(21.04%),B:9017.6(18.99%),P:1e-1	Tpos:3863.5,Tstd:7476.6,Bpos:1317.5,Bstd:799.2,StrandBias:0.0,Multiplicity:1.33
0.421	0.494	0.083	0.001
0.561	0.058	0.084	0.297
0.120	0.593	0.255	0.032
0.357	0.021	0.525	0.097
0.689	0.098	0.104	0.109
0.919	0.039	0.029	0.013
0.409	0.270	0.319	0.001
0.001	0.189	0.809	0.001
>ACACACAC	24-ACACACAC	8.236954	-1.955656	0	T:464.0(27.50%),B:12501.9(26.32%),P:1e0	Tpos:4998.6,Tstd:9396.0,Bpos:1296.2,Bstd:757.8,StrandBias:-0.3,Multiplicity:1.81
0.700	0.100	0.100	0.100
0.100	0.700	0.100	0.100
0.700	0.100	0.100	0.100
0.100	0.700	0.100	0.100
0.700	0.100	0.100	0.100
0.100	0.700	0.100	0.100
0.700	0.100	0.100	0.100
0.100	0.700	0.100	0.100
>GGGTGGGG	25-GGGTGGGG	10.432950	-0.565488	0	T:657.0(38.94%),B:18579.6(39.12%),P:1e0	Tpos:4118.2,Tstd:7709.3,Bpos:1324.7,Bstd:771.8,StrandBias:0.1,Multiplicity:2.19
0.001	0.060	0.938	0.001
0.001	0.001	0.997	0.001
0.001	0.001	0.813	0.185
0.001	0.001	0.001	0.997
0.001	0.001	0.771	0.227
0.001	0.001	0.997	0.001
0.001	0.001	0.997	0.001
0.106	0.001	0.892	0.001
