>GACCACCAAA	1-GACCACCAAA	10.296193	-49.240131	0	T:49.0(2.90%),B:235.3(0.50%),P:1e-21	Tpos:2061.7,Tstd:2141.8,Bpos:1328.8,Bstd:758.0,StrandBias:-0.2,Multiplicity:1.14
0.100	0.100	0.700	0.100
0.700	0.100	0.100	0.100
0.100	0.700	0.100	0.100
0.100	0.700	0.100	0.100
0.700	0.100	0.100	0.100
0.100	0.700	0.100	0.100
0.100	0.700	0.100	0.100
0.700	0.100	0.100	0.100
0.700	0.100	0.100	0.100
0.700	0.100	0.100	0.100
>TCGGTAGGTA	2-TCGGTAGGTA	10.786031	-41.181279	0	T:50.0(2.96%),B:299.6(0.63%),P:1e-17	Tpos:2658.3,Tstd:2921.6,Bpos:1330.1,Bstd:811.4,StrandBias:0.4,Multiplicity:1.06
0.001	0.197	0.001	0.801
0.001	0.803	0.195	0.001
0.001	0.213	0.785	0.001
0.001	0.001	0.997	0.001
0.001	0.001	0.001	0.997
0.997	0.001	0.001	0.001
0.001	0.378	0.620	0.001
0.001	0.001	0.997	0.001
0.001	0.001	0.001	0.997
0.997	0.001	0.001	0.001
>TCACGCAAAG	3-TCACGCAAAG	9.934248	-39.415193	0	T:98.0(5.81%),B:1024.4(2.16%),P:1e-17	Tpos:2538.0,Tstd:3420.1,Bpos:1374.3,Bstd:770.5,StrandBias:0.1,Multiplicity:1.05
0.001	0.001	0.001	0.997
0.001	0.997	0.001	0.001
0.759	0.001	0.239	0.001
0.001	0.997	0.001	0.001
0.142	0.001	0.856	0.001
0.045	0.703	0.192	0.060
0.997	0.001	0.001	0.001
0.685	0.001	0.179	0.135
0.997	0.001	0.001	0.001
0.001	0.001	0.997	0.001
>CATCAGTTAC	4-CATCAGTTAC	10.001617	-33.350542	0	T:122.0(7.23%),B:1570.3(3.31%),P:1e-14	Tpos:2441.5,Tstd:2476.1,Bpos:1291.4,Bstd:794.8,StrandBias:-0.3,Multiplicity:1.41
0.033	0.757	0.062	0.148
0.534	0.028	0.059	0.379
0.001	0.019	0.028	0.952
0.001	0.980	0.018	0.001
0.793	0.094	0.112	0.001
0.026	0.001	0.930	0.043
0.025	0.001	0.001	0.973
0.001	0.001	0.017	0.981
0.868	0.001	0.130	0.001
0.283	0.658	0.001	0.058
>CGTGCAGAGT	5-CGTGCAGAGT	11.562574	-31.796082	0	T:60.0(3.56%),B:526.4(1.11%),P:1e-13	Tpos:2510.1,Tstd:3237.5,Bpos:1324.9,Bstd:789.6,StrandBias:-0.3,Multiplicity:1.13
0.001	0.997	0.001	0.001
0.001	0.001	0.997	0.001
0.001	0.001	0.348	0.650
0.001	0.001	0.997	0.001
0.001	0.997	0.001	0.001
0.703	0.001	0.001	0.295
0.001	0.001	0.997	0.001
0.997	0.001	0.001	0.001
0.001	0.001	0.997	0.001
0.001	0.001	0.001	0.997
>CAAAAGACGT	6-CAAAAGACGT	10.310589	-28.306561	0	T:76.0(4.51%),B:838.0(1.76%),P:1e-12	Tpos:3706.7,Tstd:8010.6,Bpos:1275.2,Bstd:797.2,StrandBias:0.5,Multiplicity:1.37
0.001	0.997	0.001	0.001
0.859	0.001	0.139	0.001
0.997	0.001	0.001	0.001
0.810	0.001	0.188	0.001
0.997	0.001	0.001	0.001
0.001	0.001	0.997	0.001
0.669	0.001	0.329	0.001
0.084	0.914	0.001	0.001
0.001	0.001	0.997	0.001
0.254	0.001	0.001	0.744
>GAAAAGCGCG	7-GAAAAGCGCG	7.855566	-24.122247	0	T:231.0(13.69%),B:4196.8(8.84%),P:1e-10	Tpos:4531.1,Tstd:9654.0,Bpos:1317.2,Bstd:810.8,StrandBias:0.0,Multiplicity:1.20
0.082	0.065	0.807	0.046
0.848	0.048	0.074	0.030
0.828	0.060	0.096	0.016
0.854	0.020	0.085	0.041
0.842	0.045	0.056	0.057
0.079	0.037	0.842	0.042
0.095	0.767	0.069	0.069
0.088	0.095	0.759	0.058
0.140	0.727	0.070	0.063
0.111	0.070	0.731	0.088
>TTTMCYTARC	8-TTTMCYTARC	8.097043	-23.414668	0	T:132.0(7.82%),B:2038.0(4.29%),P:1e-10	Tpos:3569.0,Tstd:6829.4,Bpos:1312.8,Bstd:813.0,StrandBias:-0.3,Multiplicity:1.09
0.122	0.022	0.001	0.855
0.005	0.001	0.024	0.970
0.001	0.097	0.079	0.823
0.452	0.316	0.001	0.231
0.274	0.437	0.268	0.022
0.140	0.320	0.174	0.366
0.001	0.001	0.001	0.997
0.479	0.005	0.195	0.321
0.431	0.163	0.404	0.001
0.211	0.491	0.297	0.001
>CCCCACCCCC	9-CCCCACCCCC	12.222055	-22.028346	0	T:354.0(20.98%),B:7255.1(15.28%),P:1e-9	Tpos:4007.3,Tstd:7541.4,Bpos:1336.9,Bstd:787.3,StrandBias:-0.0,Multiplicity:1.60
0.001	0.997	0.001	0.001
0.001	0.997	0.001	0.001
0.001	0.997	0.001	0.001
0.001	0.997	0.001	0.001
0.509	0.001	0.309	0.181
0.001	0.997	0.001	0.001
0.001	0.997	0.001	0.001
0.001	0.997	0.001	0.001
0.001	0.937	0.001	0.061
0.001	0.583	0.001	0.415
>GCCGTTTAAA	10-GCCGTTTAAA	9.026195	-17.232670	0	T:136.0(8.06%),B:2348.2(4.94%),P:1e-7	Tpos:3775.0,Tstd:7455.0,Bpos:1304.8,Bstd:832.6,StrandBias:0.0,Multiplicity:1.10
0.076	0.109	0.774	0.041
0.053	0.800	0.082	0.065
0.118	0.732	0.036	0.114
0.194	0.172	0.429	0.204
0.011	0.014	0.023	0.952
0.016	0.012	0.040	0.932
0.018	0.018	0.060	0.904
0.839	0.028	0.035	0.098
0.842	0.118	0.023	0.017
0.803	0.072	0.076	0.049
>ATTTGCATGC	11-ATTTGCATGC	8.617588	-16.448149	0	T:279.0(16.54%),B:5764.9(12.14%),P:1e-7	Tpos:3237.7,Tstd:6114.4,Bpos:1302.7,Bstd:796.3,StrandBias:-0.1,Multiplicity:1.24
0.784	0.100	0.048	0.068
0.043	0.053	0.013	0.891
0.047	0.055	0.043	0.855
0.089	0.026	0.032	0.853
0.105	0.059	0.757	0.079
0.118	0.797	0.040	0.045
0.843	0.088	0.014	0.055
0.066	0.031	0.066	0.837
0.088	0.093	0.676	0.143
0.099	0.715	0.103	0.083
>GGGGCGCGGC	12-GGGGCGCGGC	11.102812	-14.293145	0	T:239.0(14.17%),B:4925.5(10.37%),P:1e-6	Tpos:2967.6,Tstd:6017.0,Bpos:1311.6,Bstd:641.7,StrandBias:-0.3,Multiplicity:1.81
0.001	0.001	0.997	0.001
0.244	0.004	0.632	0.120
0.001	0.001	0.938	0.060
0.001	0.001	0.997	0.001
0.200	0.749	0.001	0.050
0.001	0.001	0.937	0.061
0.039	0.502	0.261	0.198
0.002	0.012	0.877	0.109
0.001	0.047	0.903	0.049
0.001	0.997	0.001	0.001
>GCGTTTAAAT	13-GCGTTTAAAT	8.444630	-13.854803	0	T:259.0(15.35%),B:5448.4(11.47%),P:1e-6	Tpos:3332.2,Tstd:6367.9,Bpos:1298.5,Bstd:812.0,StrandBias:0.0,Multiplicity:1.29
0.044	0.058	0.780	0.118
0.180	0.623	0.102	0.095
0.226	0.149	0.508	0.117
0.022	0.024	0.024	0.930
0.008	0.033	0.027	0.932
0.068	0.011	0.077	0.844
0.782	0.050	0.103	0.065
0.844	0.073	0.045	0.038
0.918	0.015	0.013	0.054
0.058	0.070	0.028	0.844
>TAACGTTCCT	14-TAACGTTCCT	8.041117	-12.459543	0	T:252.0(14.94%),B:5376.1(11.32%),P:1e-5	Tpos:3907.6,Tstd:7958.7,Bpos:1320.7,Bstd:811.6,StrandBias:0.1,Multiplicity:1.17
0.092	0.086	0.040	0.782
0.769	0.108	0.047	0.076
0.833	0.063	0.069	0.035
0.059	0.757	0.101	0.083
0.124	0.113	0.604	0.159
0.034	0.068	0.054	0.844
0.037	0.031	0.057	0.875
0.032	0.863	0.054	0.051
0.059	0.835	0.026	0.080
0.056	0.050	0.052	0.842
>GGGRRRAAAA	15-GGGRRRAAAA	7.855227	-12.266423	0	T:333.0(19.74%),B:7441.9(15.67%),P:1e-5	Tpos:4991.0,Tstd:10761.9,Bpos:1305.7,Bstd:808.8,StrandBias:-0.1,Multiplicity:1.44
0.272	0.047	0.524	0.157
0.237	0.131	0.477	0.155
0.271	0.035	0.621	0.073
0.467	0.034	0.452	0.047
0.475	0.033	0.468	0.024
0.456	0.145	0.372	0.027
0.565	0.037	0.089	0.309
0.596	0.037	0.201	0.166
0.896	0.022	0.047	0.035
0.646	0.028	0.287	0.039
>GCGTTTTAAA	16-GCGTTTTAAA	8.397524	-12.159158	0	T:281.0(16.66%),B:6127.9(12.90%),P:1e-5	Tpos:3882.5,Tstd:7135.8,Bpos:1303.2,Bstd:821.8,StrandBias:-0.1,Multiplicity:1.31
0.057	0.161	0.720	0.062
0.050	0.774	0.089	0.087
0.105	0.127	0.663	0.105
0.018	0.032	0.041	0.909
0.043	0.037	0.043	0.877
0.060	0.058	0.049	0.833
0.056	0.054	0.078	0.812
0.860	0.058	0.035	0.047
0.749	0.077	0.037	0.137
0.806	0.114	0.029	0.051
>GCGCGCGACA	17-GCGCGCGACA	9.098457	-12.054641	0	T:74.0(4.39%),B:1198.8(2.52%),P:1e-5	Tpos:2997.5,Tstd:3633.4,Bpos:1379.8,Bstd:759.6,StrandBias:-0.1,Multiplicity:1.59
0.001	0.001	0.935	0.063
0.001	0.935	0.001	0.063
0.001	0.001	0.997	0.001
0.001	0.997	0.001	0.001
0.299	0.001	0.699	0.001
0.145	0.554	0.001	0.300
0.001	0.409	0.589	0.001
0.606	0.001	0.064	0.329
0.367	0.555	0.001	0.077
0.922	0.001	0.001	0.076
>GCCTTTTAAC	18-GCCTTTTAAC	10.003205	-12.036214	0	T:101.0(5.99%),B:1790.9(3.77%),P:1e-5	Tpos:5184.5,Tstd:14252.2,Bpos:1293.8,Bstd:823.2,StrandBias:0.3,Multiplicity:1.12
0.037	0.030	0.932	0.001
0.066	0.873	0.043	0.018
0.207	0.490	0.115	0.188
0.001	0.010	0.001	0.988
0.051	0.044	0.008	0.897
0.076	0.150	0.044	0.730
0.001	0.080	0.038	0.881
0.783	0.183	0.024	0.010
0.769	0.080	0.031	0.120
0.174	0.659	0.033	0.134
>CCCSCCCTCC	19-CCCSCCCTCC	10.353615	-11.648379	0	T:316.0(18.73%),B:7060.8(14.87%),P:1e-5	Tpos:4304.9,Tstd:8009.2,Bpos:1333.5,Bstd:736.3,StrandBias:-0.5,Multiplicity:1.85
0.001	0.628	0.328	0.043
0.001	0.997	0.001	0.001
0.001	0.642	0.356	0.001
0.001	0.483	0.456	0.060
0.001	0.893	0.001	0.105
0.001	0.997	0.001	0.001
0.001	0.981	0.017	0.001
0.001	0.001	0.001	0.997
0.001	0.997	0.001	0.001
0.001	0.810	0.001	0.188
>GCGCAGTTCG	20-GCGCAGTTCG	7.362456	-11.459775	0	T:203.0(12.03%),B:4236.8(8.92%),P:1e-4	Tpos:4465.0,Tstd:9252.9,Bpos:1340.7,Bstd:762.1,StrandBias:-0.2,Multiplicity:1.35
0.036	0.064	0.857	0.043
0.085	0.784	0.075	0.056
0.068	0.093	0.765	0.074
0.049	0.813	0.098	0.040
0.795	0.077	0.067	0.061
0.030	0.074	0.862	0.034
0.072	0.098	0.084	0.746
0.053	0.029	0.078	0.840
0.063	0.771	0.087	0.079
0.058	0.106	0.773	0.063
>GTTGCTAAAC	21-GTTGCTAAAC	7.642763	-7.779899	0	T:330.0(19.56%),B:7813.7(16.45%),P:1e-3	Tpos:3322.2,Tstd:6811.6,Bpos:1310.2,Bstd:816.5,StrandBias:0.0,Multiplicity:1.27
0.057	0.103	0.730	0.110
0.055	0.093	0.031	0.821
0.050	0.033	0.043	0.874
0.046	0.085	0.701	0.168
0.044	0.776	0.085	0.095
0.081	0.046	0.025	0.848
0.839	0.040	0.055	0.066
0.833	0.041	0.070	0.056
0.777	0.066	0.084	0.073
0.067	0.804	0.047	0.082
>ACCGCTTAGC	22-ACCGCTTAGC	8.457462	-6.442523	0	T:42.0(2.49%),B:719.4(1.51%),P:1e-2	Tpos:5723.7,Tstd:13190.4,Bpos:1315.7,Bstd:785.8,StrandBias:1.0,Multiplicity:1.02
0.692	0.112	0.105	0.091
0.087	0.712	0.111	0.090
0.112	0.677	0.108	0.103
0.093	0.101	0.683	0.123
0.076	0.728	0.094	0.102
0.087	0.102	0.094	0.717
0.089	0.110	0.123	0.678
0.700	0.111	0.088	0.101
0.113	0.098	0.701	0.088
0.098	0.716	0.093	0.093
>GYDAANDAAA	23-GYDAANDAAA	7.578567	-5.306739	0	T:194.0(11.50%),B:4549.8(9.58%),P:1e-2	Tpos:3350.4,Tstd:6615.5,Bpos:1308.4,Bstd:802.1,StrandBias:0.4,Multiplicity:1.21
0.001	0.186	0.684	0.129
0.148	0.313	0.155	0.384
0.369	0.038	0.290	0.303
0.636	0.173	0.001	0.190
0.952	0.046	0.001	0.001
0.314	0.243	0.223	0.220
0.284	0.101	0.259	0.356
0.776	0.001	0.222	0.001
0.752	0.246	0.001	0.001
0.620	0.076	0.243	0.061
>TCACTCGCGC	24-TCACTCGCGC	10.296193	-3.511079	0	T:5.0(0.30%),B:48.4(0.10%),P:1e-1	Tpos:2107.7,Tstd:993.5,Bpos:1529.9,Bstd:762.3,StrandBias:-4.8,Multiplicity:16.80
0.100	0.100	0.100	0.700
0.100	0.700	0.100	0.100
0.700	0.100	0.100	0.100
0.100	0.700	0.100	0.100
0.100	0.100	0.100	0.700
0.100	0.700	0.100	0.100
0.100	0.100	0.700	0.100
0.100	0.700	0.100	0.100
0.100	0.100	0.700	0.100
0.100	0.700	0.100	0.100
>TGTGTGTGTG	25-TGTGTGTGTG	10.296193	-2.240958	0	T:254.0(15.06%),B:6635.8(13.97%),P:1e0	Tpos:5074.1,Tstd:9432.2,Bpos:1290.1,Bstd:755.4,StrandBias:0.4,Multiplicity:1.59
0.100	0.100	0.100	0.700
0.100	0.100	0.700	0.100
0.100	0.100	0.100	0.700
0.100	0.100	0.700	0.100
0.100	0.100	0.100	0.700
0.100	0.100	0.700	0.100
0.100	0.100	0.100	0.700
0.100	0.100	0.700	0.100
0.100	0.100	0.100	0.700
0.100	0.100	0.700	0.100
>GAGACCACCAAA	1-GAGACCACCAAA	12.649926	-70.997865	0	T:45.0(2.67%),B:113.1(0.24%),P:1e-30	Tpos:1886.0,Tstd:1583.7,Bpos:1272.4,Bstd:784.2,StrandBias:-0.2,Multiplicity:1.13
0.001	0.001	0.997	0.001
0.975	0.001	0.001	0.023
0.001	0.001	0.997	0.001
0.997	0.001	0.001	0.001
0.001	0.997	0.001	0.001
0.001	0.997	0.001	0.001
0.997	0.001	0.001	0.001
0.001	0.997	0.001	0.001
0.001	0.978	0.001	0.020
0.979	0.001	0.001	0.019
0.997	0.001	0.001	0.001
0.997	0.001	0.001	0.001
>GGAATTTCACAA	2-GGAATTTCACAA	12.185629	-68.564299	0	T:46.0(2.73%),B:127.1(0.27%),P:1e-29	Tpos:2094.5,Tstd:1782.0,Bpos:1192.5,Bstd:765.9,StrandBias:0.0,Multiplicity:1.13
0.001	0.001	0.997	0.001
0.001	0.001	0.997	0.001
0.977	0.001	0.021	0.001
0.653	0.345	0.001	0.001
0.001	0.001	0.001	0.997
0.023	0.001	0.017	0.959
0.001	0.001	0.001	0.997
0.001	0.997	0.001	0.001
0.937	0.001	0.061	0.001
0.001	0.997	0.001	0.001
0.997	0.001	0.001	0.001
0.968	0.030	0.001	0.001
>TTCATGCGCGTC	3-TTCATGCGCGTC	13.414576	-63.825743	0	T:24.0(1.42%),B:20.6(0.04%),P:1e-27	Tpos:1888.2,Tstd:1865.1,Bpos:1436.1,Bstd:905.1,StrandBias:-0.3,Multiplicity:1.04
0.001	0.001	0.001	0.997
0.001	0.001	0.001	0.997
0.061	0.937	0.001	0.001
0.997	0.001	0.001	0.001
0.001	0.001	0.001	0.997
0.001	0.001	0.997	0.001
0.001	0.997	0.001	0.001
0.219	0.001	0.779	0.001
0.001	0.901	0.062	0.036
0.043	0.001	0.955	0.001
0.001	0.001	0.001	0.997
0.001	0.997	0.001	0.001
>TTTGGGTAGGTA	4-TTTGGGTAGGTA	13.580366	-59.420684	0	T:34.0(2.02%),B:73.0(0.15%),P:1e-25	Tpos:2740.1,Tstd:2560.3,Bpos:1321.3,Bstd:784.3,StrandBias:-0.1,Multiplicity:1.09
0.046	0.001	0.001	0.952
0.001	0.001	0.001	0.997
0.001	0.001	0.001	0.997
0.001	0.001	0.997	0.001
0.001	0.001	0.997	0.001
0.051	0.001	0.911	0.037
0.001	0.001	0.001	0.997
0.997	0.001	0.001	0.001
0.001	0.001	0.997	0.001
0.001	0.001	0.997	0.001
0.001	0.001	0.001	0.997
0.997	0.001	0.001	0.001
>GCTCACACAAAG	5-GCTCACACAAAG	12.864644	-58.109825	0	T:43.0(2.55%),B:139.2(0.29%),P:1e-25	Tpos:2125.9,Tstd:1902.5,Bpos:1464.2,Bstd:775.3,StrandBias:0.2,Multiplicity:1.09
0.001	0.001	0.997	0.001
0.001	0.997	0.001	0.001
0.001	0.001	0.001	0.997
0.001	0.997	0.001	0.001
0.956	0.001	0.042	0.001
0.001	0.972	0.001	0.026
0.952	0.001	0.046	0.001
0.001	0.997	0.001	0.001
0.997	0.001	0.001	0.001
0.997	0.001	0.001	0.001
0.997	0.001	0.001	0.001
0.001	0.001	0.997	0.001
>TTGAGCCAGGAT	6-TTGAGCCAGGAT	14.069132	-54.183926	0	T:31.0(1.84%),B:66.3(0.14%),P:1e-23	Tpos:2243.8,Tstd:2083.3,Bpos:1357.4,Bstd:750.1,StrandBias:-0.6,Multiplicity:1.06
0.380	0.067	0.001	0.552
0.003	0.067	0.001	0.929
0.038	0.080	0.764	0.118
0.973	0.025	0.001	0.001
0.031	0.060	0.823	0.086
0.002	0.887	0.001	0.110
0.001	0.997	0.001	0.001
0.917	0.001	0.070	0.012
0.038	0.128	0.713	0.121
0.069	0.003	0.926	0.002
0.975	0.001	0.001	0.023
0.252	0.023	0.256	0.469
>GTCACAGGGGAT	7-GTCACAGGGGAT	12.355432	-51.502641	0	T:32.0(1.90%),B:79.1(0.17%),P:1e-22	Tpos:2225.9,Tstd:2078.3,Bpos:1385.9,Bstd:773.1,StrandBias:-0.5,Multiplicity:1.12
0.100	0.100	0.700	0.100
0.100	0.100	0.100	0.700
0.100	0.700	0.100	0.100
0.700	0.100	0.100	0.100
0.100	0.700	0.100	0.100
0.700	0.100	0.100	0.100
0.100	0.100	0.700	0.100
0.100	0.100	0.700	0.100
0.100	0.100	0.700	0.100
0.100	0.100	0.700	0.100
0.700	0.100	0.100	0.100
0.100	0.100	0.100	0.700
>ACTGTAATTTTC	8-ACTGTAATTTTC	12.355432	-51.133877	0	T:32.0(1.90%),B:80.9(0.17%),P:1e-22	Tpos:1919.2,Tstd:1607.1,Bpos:1319.2,Bstd:746.3,StrandBias:0.1,Multiplicity:1.09
0.700	0.100	0.100	0.100
0.100	0.700	0.100	0.100
0.100	0.100	0.100	0.700
0.100	0.100	0.700	0.100
0.100	0.100	0.100	0.700
0.700	0.100	0.100	0.100
0.700	0.100	0.100	0.100
0.100	0.100	0.100	0.700
0.100	0.100	0.100	0.700
0.100	0.100	0.100	0.700
0.100	0.100	0.100	0.700
0.100	0.700	0.100	0.100
>GGCGTGCTGAGT	9-GGCGTGCTGAGT	12.880879	-50.269068	0	T:35.0(2.07%),B:104.5(0.22%),P:1e-21	Tpos:2141.4,Tstd:1998.8,Bpos:1429.5,Bstd:794.8,StrandBias:-0.3,Multiplicity:1.23
0.105	0.001	0.893	0.001
0.025	0.124	0.850	0.001
0.001	0.997	0.001	0.001
0.001	0.158	0.840	0.001
0.001	0.001	0.405	0.593
0.131	0.001	0.867	0.001
0.001	0.839	0.001	0.159
0.375	0.001	0.001	0.623
0.001	0.001	0.867	0.131
0.997	0.001	0.001	0.001
0.001	0.001	0.997	0.001
0.159	0.001	0.001	0.839
>CACCTGGGCGCA	10-CACCTGGGCGCA	12.073248	-49.918311	0	T:44.0(2.61%),B:182.2(0.38%),P:1e-21	Tpos:2086.6,Tstd:1829.6,Bpos:1321.8,Bstd:716.3,StrandBias:-0.2,Multiplicity:1.33
0.042	0.824	0.133	0.001
0.906	0.020	0.020	0.054
0.077	0.584	0.037	0.302
0.040	0.919	0.024	0.017
0.001	0.047	0.143	0.809
0.049	0.026	0.866	0.059
0.099	0.094	0.787	0.020
0.053	0.068	0.868	0.011
0.077	0.774	0.040	0.109
0.001	0.013	0.979	0.007
0.073	0.629	0.102	0.196
0.811	0.056	0.037	0.096
>CTGACTCTCGTT	11-CTGACTCTCGTT	13.283667	-48.537803	0	T:37.0(2.19%),B:126.2(0.27%),P:1e-21	Tpos:2042.7,Tstd:1668.6,Bpos:1338.7,Bstd:808.2,StrandBias:0.4,Multiplicity:1.14
0.001	0.997	0.001	0.001
0.001	0.001	0.001	0.997
0.001	0.001	0.912	0.086
0.740	0.046	0.213	0.001
0.050	0.860	0.089	0.001
0.001	0.001	0.001	0.997
0.001	0.997	0.001	0.001
0.243	0.297	0.001	0.459
0.001	0.997	0.001	0.001
0.079	0.016	0.754	0.151
0.001	0.001	0.015	0.983
0.089	0.011	0.001	0.899
>AAGGTGCTCTGT	12-AAGGTGCTCTGT	13.839354	-47.175292	0	T:43.0(2.55%),B:187.0(0.39%),P:1e-20	Tpos:2192.0,Tstd:2006.7,Bpos:1293.6,Bstd:766.1,StrandBias:-0.3,Multiplicity:1.09
0.997	0.001	0.001	0.001
0.809	0.001	0.001	0.189
0.001	0.001	0.997	0.001
0.001	0.001	0.997	0.001
0.001	0.001	0.001	0.997
0.001	0.001	0.997	0.001
0.001	0.706	0.292	0.001
0.001	0.001	0.001	0.997
0.001	0.836	0.001	0.162
0.160	0.001	0.012	0.827
0.001	0.001	0.997	0.001
0.001	0.182	0.001	0.816
>GTCAGGCCTCTG	13-GTCAGGCCTCTG	13.167003	-45.577479	0	T:37.0(2.19%),B:138.9(0.29%),P:1e-19	Tpos:2142.6,Tstd:1571.5,Bpos:1380.3,Bstd:750.9,StrandBias:0.3,Multiplicity:1.14
0.113	0.032	0.767	0.088
0.085	0.060	0.074	0.781
0.121	0.654	0.067	0.158
0.775	0.085	0.063	0.077
0.079	0.063	0.785	0.073
0.102	0.073	0.751	0.074
0.118	0.744	0.070	0.068
0.061	0.779	0.077	0.083
0.069	0.065	0.067	0.799
0.094	0.728	0.094	0.084
0.078	0.108	0.118	0.696
0.105	0.061	0.742	0.092
>AATGTCATCAGT	14-AATGTCATCAGT	16.374429	-43.845266	0	T:33.0(1.96%),B:111.5(0.23%),P:1e-19	Tpos:2524.2,Tstd:2200.1,Bpos:1230.6,Bstd:729.4,StrandBias:-0.6,Multiplicity:1.73
0.997	0.001	0.001	0.001
0.997	0.001	0.001	0.001
0.001	0.001	0.001	0.997
0.034	0.001	0.964	0.001
0.001	0.001	0.001	0.997
0.001	0.997	0.001	0.001
0.997	0.001	0.001	0.001
0.001	0.001	0.001	0.997
0.030	0.968	0.001	0.001
0.997	0.001	0.001	0.001
0.001	0.150	0.848	0.001
0.001	0.001	0.001	0.997
>ACGTCTTATGTG	15-ACGTCTTATGTG	12.781936	-38.620766	0	T:33.0(1.96%),B:133.7(0.28%),P:1e-16	Tpos:2332.5,Tstd:2038.7,Bpos:1257.6,Bstd:715.8,StrandBias:-0.5,Multiplicity:1.73
0.997	0.001	0.001	0.001
0.001	0.995	0.001	0.003
0.001	0.001	0.916	0.082
0.001	0.001	0.001	0.997
0.001	0.997	0.001	0.001
0.001	0.001	0.001	0.997
0.001	0.001	0.001	0.997
0.731	0.001	0.001	0.267
0.001	0.001	0.001	0.997
0.001	0.001	0.997	0.001
0.001	0.001	0.001	0.997
0.001	0.001	0.997	0.001
>AWGGGGGWGGGG	16-AWGGGGGWGGGG	11.406455	-32.337908	0	T:352.0(20.87%),B:6641.4(13.98%),P:1e-14	Tpos:4566.2,Tstd:7754.5,Bpos:1343.4,Bstd:780.0,StrandBias:0.1,Multiplicity:1.63
0.489	0.146	0.182	0.183
0.353	0.009	0.195	0.442
0.198	0.031	0.770	0.001
0.001	0.001	0.997	0.001
0.180	0.001	0.818	0.001
0.045	0.001	0.953	0.001
0.099	0.001	0.854	0.046
0.399	0.239	0.006	0.356
0.049	0.008	0.734	0.209
0.064	0.038	0.897	0.001
0.083	0.009	0.875	0.033
0.009	0.001	0.928	0.062
>TTATTTAAAGGC	17-TTATTTAAAGGC	9.365236	-31.410786	0	T:256.0(15.17%),B:4452.2(9.37%),P:1e-13	Tpos:2988.7,Tstd:5618.9,Bpos:1299.6,Bstd:816.7,StrandBias:0.1,Multiplicity:1.19
0.080	0.018	0.076	0.826
0.050	0.060	0.068	0.822
0.843	0.042	0.058	0.057
0.031	0.027	0.087	0.855
0.052	0.047	0.065	0.836
0.078	0.058	0.029	0.835
0.862	0.054	0.028	0.056
0.887	0.037	0.038	0.038
0.857	0.008	0.070	0.065
0.061	0.052	0.802	0.085
0.051	0.071	0.802	0.076
0.052	0.778	0.098	0.072
>TTTGCATTTGAA	18-TTTGCATTTGAA	9.097388	-26.846816	0	T:282.0(16.72%),B:5253.1(11.06%),P:1e-11	Tpos:3806.2,Tstd:8819.3,Bpos:1314.8,Bstd:813.9,StrandBias:0.1,Multiplicity:1.23
0.086	0.083	0.082	0.749
0.078	0.092	0.087	0.743
0.087	0.040	0.070	0.803
0.093	0.089	0.726	0.092
0.075	0.783	0.069	0.073
0.760	0.100	0.051	0.089
0.086	0.082	0.073	0.759
0.094	0.096	0.106	0.704
0.104	0.044	0.089	0.763
0.101	0.112	0.686	0.101
0.761	0.087	0.074	0.078
0.763	0.074	0.088	0.075
>GCCTTTTAAAAG	19-GCCTTTTAAAAG	10.371841	-18.612644	0	T:146.0(8.65%),B:2514.0(5.29%),P:1e-8	Tpos:4348.9,Tstd:9018.3,Bpos:1270.1,Bstd:807.9,StrandBias:0.3,Multiplicity:1.13
0.071	0.105	0.737	0.087
0.117	0.799	0.044	0.040
0.111	0.741	0.057	0.091
0.059	0.069	0.016	0.856
0.027	0.043	0.040	0.890
0.034	0.030	0.028	0.908
0.049	0.050	0.071	0.830
0.820	0.069	0.051	0.060
0.934	0.020	0.029	0.017
0.922	0.066	0.011	0.001
0.817	0.016	0.097	0.070
0.113	0.050	0.753	0.084
>TTTTTTTTCCCC	20-TTTTTTTTCCCC	11.056148	-15.874606	0	T:134.0(7.94%),B:2361.5(4.97%),P:1e-6	Tpos:5143.1,Tstd:11178.1,Bpos:1315.4,Bstd:803.3,StrandBias:0.1,Multiplicity:1.16
0.127	0.171	0.108	0.594
0.065	0.002	0.001	0.932
0.108	0.102	0.010	0.780
0.002	0.256	0.080	0.662
0.004	0.161	0.041	0.794
0.002	0.271	0.001	0.726
0.001	0.238	0.026	0.735
0.006	0.379	0.080	0.535
0.036	0.609	0.081	0.274
0.085	0.656	0.070	0.189
0.017	0.721	0.019	0.243
0.103	0.702	0.001	0.194
>AGCCCCTCCTCS	21-AGCCCCTCCTCS	11.999916	-15.119663	0	T:32.0(1.90%),B:317.0(0.67%),P:1e-6	Tpos:1989.3,Tstd:1121.0,Bpos:1336.2,Bstd:761.3,StrandBias:1.2,Multiplicity:2.12
0.997	0.001	0.001	0.001
0.001	0.001	0.997	0.001
0.001	0.997	0.001	0.001
0.001	0.997	0.001	0.001
0.001	0.997	0.001	0.001
0.001	0.977	0.021	0.001
0.001	0.001	0.001	0.997
0.001	0.997	0.001	0.001
0.001	0.997	0.001	0.001
0.001	0.001	0.001	0.997
0.001	0.997	0.001	0.001
0.001	0.476	0.522	0.001
>GGCGGGGGAGTG	22-GGCGGGGGAGTG	10.409522	-7.858822	0	T:95.0(5.63%),B:1863.9(3.92%),P:1e-3	Tpos:3975.8,Tstd:6748.3,Bpos:1304.6,Bstd:772.4,StrandBias:0.8,Multiplicity:1.67
0.100	0.100	0.700	0.100
0.100	0.100	0.700	0.100
0.100	0.700	0.100	0.100
0.100	0.100	0.700	0.100
0.100	0.100	0.700	0.100
0.100	0.100	0.700	0.100
0.100	0.100	0.700	0.100
0.100	0.100	0.700	0.100
0.700	0.100	0.100	0.100
0.100	0.100	0.700	0.100
0.100	0.100	0.100	0.700
0.100	0.100	0.700	0.100
>ACACACACACGC	23-ACACACACACGC	12.355432	-6.024878	0	T:41.0(2.43%),B:714.9(1.51%),P:1e-2	Tpos:4959.3,Tstd:6134.7,Bpos:1271.1,Bstd:773.7,StrandBias:0.3,Multiplicity:1.24
0.700	0.100	0.100	0.100
0.100	0.700	0.100	0.100
0.700	0.100	0.100	0.100
0.100	0.700	0.100	0.100
0.700	0.100	0.100	0.100
0.100	0.700	0.100	0.100
0.700	0.100	0.100	0.100
0.100	0.700	0.100	0.100
0.700	0.100	0.100	0.100
0.100	0.700	0.100	0.100
0.100	0.100	0.700	0.100
0.100	0.700	0.100	0.100
>TGAGGCGCGCGA	24-TGAGGCGCGCGA	16.411321	-3.355287	0	T:1.0(0.06%),B:1.6(0.00%),P:1e-1	Tpos:2229.2,Tstd:195.3,Bpos:1321.0,Bstd:0.0,StrandBias:10.0,Multiplicity:17.00
0.001	0.001	0.001	0.997
0.001	0.001	0.997	0.001
0.997	0.001	0.001	0.001
0.001	0.001	0.997	0.001
0.001	0.001	0.997	0.001
0.001	0.997	0.001	0.001
0.001	0.001	0.997	0.001
0.001	0.997	0.001	0.001
0.001	0.001	0.997	0.001
0.001	0.826	0.001	0.172
0.001	0.001	0.997	0.001
0.997	0.001	0.001	0.001
>CGCGAGTGAGGA	25-CGCGAGTGAGGA	8.463612	-2.642997	0	T:207.0(12.27%),B:5276.8(11.11%),P:1e-1	Tpos:3821.7,Tstd:9260.2,Bpos:1319.0,Bstd:763.6,StrandBias:0.9,Multiplicity:1.66
0.100	0.700	0.100	0.100
0.100	0.100	0.700	0.100
0.100	0.700	0.100	0.100
0.100	0.100	0.700	0.100
0.700	0.100	0.100	0.100
0.100	0.100	0.700	0.100
0.100	0.100	0.100	0.700
0.100	0.100	0.700	0.100
0.700	0.100	0.100	0.100
0.100	0.100	0.700	0.100
0.100	0.100	0.700	0.100
0.700	0.100	0.100	0.100
>CCGAAAAG	1-CCGAAAAG	9.807014	-30.599211	0	T:168.0(9.96%),B:2562.5(5.40%),P:1e-13	Tpos:3790.3,Tstd:6181.5,Bpos:1330.2,Bstd:799.9,StrandBias:0.1,Multiplicity:1.17
0.001	0.997	0.001	0.001
0.001	0.997	0.001	0.001
0.001	0.001	0.997	0.001
0.715	0.001	0.283	0.001
0.997	0.001	0.001	0.001
0.997	0.001	0.001	0.001
0.997	0.001	0.001	0.001
0.001	0.001	0.997	0.001
>CGCTTTTC	2-CGCTTTTC	10.198426	-21.945582	0	T:107.0(6.34%),B:1567.8(3.30%),P:1e-9	Tpos:4527.2,Tstd:9977.8,Bpos:1309.5,Bstd:838.9,StrandBias:0.2,Multiplicity:1.06
0.104	0.827	0.068	0.001
0.091	0.001	0.783	0.125
0.001	0.888	0.072	0.039
0.047	0.001	0.023	0.929
0.018	0.001	0.001	0.980
0.062	0.001	0.001	0.936
0.001	0.001	0.031	0.967
0.029	0.865	0.070	0.036
>TCAGCGAA	3-TCAGCGAA	8.751680	-20.824578	0	T:132.0(7.82%),B:2124.1(4.47%),P:1e-9	Tpos:2770.8,Tstd:4416.3,Bpos:1314.8,Bstd:800.5,StrandBias:-0.2,Multiplicity:1.06
0.001	0.001	0.001	0.997
0.001	0.997	0.001	0.001
0.876	0.001	0.122	0.001
0.001	0.001	0.997	0.001
0.001	0.997	0.001	0.001
0.001	0.001	0.997	0.001
0.997	0.001	0.001	0.001
0.805	0.193	0.001	0.001
>ATTTGCAT	4-ATTTGCAT	10.394243	-18.417658	0	T:306.0(18.14%),B:6300.7(13.27%),P:1e-7	Tpos:2836.8,Tstd:5977.6,Bpos:1303.6,Bstd:789.2,StrandBias:-0.1,Multiplicity:1.28
0.901	0.001	0.097	0.001
0.001	0.001	0.001	0.997
0.001	0.088	0.001	0.910
0.139	0.028	0.001	0.832
0.175	0.001	0.823	0.001
0.001	0.997	0.001	0.001
0.997	0.001	0.001	0.001
0.102	0.001	0.001	0.896
>CGGTTAAS	5-CGGTTAAS	5.312854	-16.267307	0	T:239.0(14.17%),B:4799.0(10.10%),P:1e-7	Tpos:3656.8,Tstd:6868.1,Bpos:1320.7,Bstd:805.4,StrandBias:0.0,Multiplicity:1.24
0.181	0.540	0.175	0.104
0.204	0.169	0.474	0.152
0.125	0.256	0.496	0.123
0.097	0.118	0.084	0.701
0.151	0.062	0.097	0.690
0.552	0.118	0.063	0.267
0.547	0.124	0.219	0.110
0.167	0.276	0.414	0.143
>TCAGTTAC	6-TCAGTTAC	8.512312	-15.759496	0	T:325.0(19.26%),B:6957.3(14.65%),P:1e-6	Tpos:3144.6,Tstd:6665.5,Bpos:1295.6,Bstd:795.6,StrandBias:-0.0,Multiplicity:1.21
0.001	0.001	0.001	0.997
0.001	0.997	0.001	0.001
0.875	0.001	0.123	0.001
0.001	0.001	0.795	0.203
0.120	0.001	0.001	0.878
0.103	0.001	0.001	0.895
0.997	0.001	0.001	0.001
0.001	0.997	0.001	0.001
>ATYTGCGC	7-ATYTGCGC	7.326776	-15.102880	0	T:363.0(21.52%),B:7970.7(16.78%),P:1e-6	Tpos:4369.4,Tstd:9704.3,Bpos:1346.4,Bstd:780.3,StrandBias:0.2,Multiplicity:1.49
0.835	0.001	0.163	0.001
0.001	0.212	0.311	0.475
0.001	0.509	0.001	0.489
0.001	0.231	0.001	0.767
0.001	0.086	0.820	0.093
0.001	0.982	0.005	0.012
0.031	0.111	0.857	0.001
0.001	0.772	0.226	0.001
>TAAAACCG	8-TAAAACCG	8.862762	-15.061971	0	T:108.0(6.40%),B:1819.6(3.83%),P:1e-6	Tpos:3671.1,Tstd:8661.1,Bpos:1300.2,Bstd:852.3,StrandBias:0.0,Multiplicity:1.10
0.062	0.054	0.088	0.796
0.997	0.001	0.001	0.001
0.957	0.001	0.041	0.001
0.971	0.001	0.018	0.010
0.893	0.074	0.032	0.001
0.049	0.920	0.030	0.001
0.114	0.604	0.199	0.083
0.001	0.001	0.894	0.104
>GSGRRAAA	9-GSGRRAAA	7.241868	-13.407358	0	T:69.0(4.09%),B:1048.6(2.21%),P:1e-5	Tpos:5105.2,Tstd:9039.9,Bpos:1381.0,Bstd:774.2,StrandBias:0.8,Multiplicity:1.15
0.196	0.037	0.746	0.021
0.125	0.486	0.387	0.001
0.098	0.017	0.884	0.001
0.416	0.002	0.473	0.108
0.439	0.173	0.387	0.001
0.731	0.025	0.135	0.109
0.740	0.014	0.171	0.075
0.592	0.029	0.266	0.113
>TCGCCCTC	10-TCGCCCTC	5.532226	-13.252948	0	T:471.0(27.92%),B:10938.7(23.03%),P:1e-5	Tpos:5148.0,Tstd:9234.1,Bpos:1357.8,Bstd:770.6,StrandBias:-0.0,Multiplicity:2.17
0.001	0.001	0.123	0.875
0.001	0.997	0.001	0.001
0.001	0.001	0.997	0.001
0.001	0.997	0.001	0.001
0.001	0.926	0.036	0.037
0.001	0.997	0.001	0.001
0.001	0.001	0.001	0.997
0.111	0.884	0.001	0.004
>ACAAAACG	11-ACAAAACG	8.282650	-12.469814	0	T:177.0(10.49%),B:3538.2(7.45%),P:1e-5	Tpos:4363.5,Tstd:8810.7,Bpos:1316.7,Bstd:826.2,StrandBias:0.0,Multiplicity:1.16
0.630	0.001	0.108	0.261
0.136	0.851	0.011	0.002
0.894	0.001	0.070	0.035
0.988	0.001	0.001	0.010
0.905	0.001	0.020	0.074
0.679	0.163	0.007	0.151
0.001	0.940	0.058	0.001
0.001	0.001	0.992	0.006
>TTGTTCGC	12-TTGTTCGC	8.397184	-12.241601	0	T:430.0(25.49%),B:9960.3(20.97%),P:1e-5	Tpos:4022.6,Tstd:8485.6,Bpos:1308.5,Bstd:799.6,StrandBias:0.1,Multiplicity:1.41
0.001	0.029	0.001	0.969
0.036	0.001	0.001	0.962
0.035	0.149	0.786	0.030
0.014	0.014	0.018	0.954
0.027	0.026	0.020	0.927
0.001	0.802	0.001	0.196
0.001	0.057	0.737	0.205
0.019	0.932	0.019	0.030
>AGGCTTTA	13-AGGCTTTA	8.715697	-11.676159	0	T:288.0(17.07%),B:6344.6(13.36%),P:1e-5	Tpos:3417.7,Tstd:6031.6,Bpos:1301.8,Bstd:804.9,StrandBias:-0.1,Multiplicity:1.29
0.921	0.001	0.077	0.001
0.208	0.001	0.790	0.001
0.001	0.035	0.963	0.001
0.041	0.813	0.066	0.080
0.001	0.001	0.001	0.997
0.001	0.001	0.001	0.997
0.001	0.001	0.001	0.997
0.626	0.105	0.156	0.113
>TTAAACGG	14-TTAAACGG	7.513699	-11.557871	0	T:419.0(24.84%),B:9740.7(20.51%),P:1e-5	Tpos:3495.8,Tstd:6426.3,Bpos:1304.5,Bstd:818.2,StrandBias:0.0,Multiplicity:1.43
0.097	0.112	0.073	0.718
0.120	0.031	0.123	0.726
0.756	0.047	0.042	0.155
0.926	0.040	0.006	0.028
0.824	0.071	0.074	0.031
0.204	0.600	0.176	0.020
0.127	0.062	0.700	0.111
0.100	0.116	0.755	0.029
>CGTTACCT	15-CGTTACCT	7.239461	-10.210300	0	T:447.0(26.50%),B:10623.6(22.37%),P:1e-4	Tpos:3780.5,Tstd:7143.7,Bpos:1320.7,Bstd:802.6,StrandBias:0.0,Multiplicity:1.38
0.081	0.733	0.117	0.069
0.065	0.157	0.637	0.141
0.017	0.073	0.077	0.833
0.050	0.022	0.045	0.883
0.670	0.107	0.065	0.158
0.200	0.686	0.079	0.035
0.059	0.734	0.079	0.128
0.058	0.050	0.063	0.829
>TAAACAGC	16-TAAACAGC	8.586410	-9.602213	0	T:293.0(17.37%),B:6658.4(14.02%),P:1e-4	Tpos:3540.1,Tstd:8100.8,Bpos:1314.9,Bstd:809.5,StrandBias:-0.2,Multiplicity:1.27
0.161	0.001	0.001	0.837
0.916	0.001	0.001	0.082
0.997	0.001	0.001	0.001
0.997	0.001	0.001	0.001
0.138	0.860	0.001	0.001
0.898	0.014	0.001	0.087
0.001	0.001	0.920	0.078
0.059	0.724	0.066	0.151
>CGCAGCGC	17-CGCAGCGC	7.978834	-9.250982	0	T:209.0(12.39%),B:4553.5(9.59%),P:1e-4	Tpos:4748.9,Tstd:7749.0,Bpos:1362.6,Bstd:764.2,StrandBias:0.1,Multiplicity:1.56
0.087	0.603	0.001	0.309
0.001	0.001	0.997	0.001
0.330	0.600	0.001	0.069
0.619	0.001	0.001	0.379
0.001	0.001	0.997	0.001
0.308	0.690	0.001	0.001
0.048	0.229	0.578	0.145
0.001	0.912	0.001	0.086
>CCTCCCCC	18-CCTCCCCC	10.278600	-8.194848	0	T:555.0(32.90%),B:13777.1(29.01%),P:1e-3	Tpos:4630.5,Tstd:8757.6,Bpos:1335.0,Bstd:781.8,StrandBias:0.0,Multiplicity:2.15
0.001	0.784	0.066	0.149
0.001	0.920	0.001	0.078
0.233	0.001	0.141	0.625
0.001	0.997	0.001	0.001
0.001	0.997	0.001	0.001
0.001	0.997	0.001	0.001
0.001	0.997	0.001	0.001
0.001	0.997	0.001	0.001
>TTGTTAAC	19-TTGTTAAC	8.636607	-8.009175	0	T:202.0(11.97%),B:4483.4(9.44%),P:1e-3	Tpos:3531.0,Tstd:7722.3,Bpos:1289.7,Bstd:804.6,StrandBias:-0.1,Multiplicity:1.14
0.032	0.181	0.051	0.736
0.056	0.001	0.001	0.942
0.030	0.001	0.886	0.083
0.001	0.061	0.045	0.893
0.024	0.001	0.045	0.930
0.917	0.001	0.001	0.081
0.926	0.055	0.018	0.001
0.071	0.807	0.040	0.082
>GTGCGCGA	20-GTGCGCGA	8.236954	-7.445398	0	T:44.0(2.61%),B:724.6(1.53%),P:1e-3	Tpos:2308.0,Tstd:1682.6,Bpos:1345.9,Bstd:748.9,StrandBias:2.7,Multiplicity:3.00
0.100	0.100	0.700	0.100
0.100	0.100	0.100	0.700
0.100	0.100	0.700	0.100
0.100	0.700	0.100	0.100
0.100	0.100	0.700	0.100
0.100	0.700	0.100	0.100
0.100	0.100	0.700	0.100
0.700	0.100	0.100	0.100
>TTCGAAAG	21-TTCGAAAG	8.737927	-5.733686	0	T:298.0(17.66%),B:7224.3(15.21%),P:1e-2	Tpos:4193.3,Tstd:7821.3,Bpos:1300.6,Bstd:819.9,StrandBias:0.1,Multiplicity:1.34
0.001	0.072	0.043	0.884
0.001	0.001	0.026	0.972
0.081	0.653	0.075	0.191
0.103	0.001	0.737	0.159
0.904	0.094	0.001	0.001
0.985	0.001	0.001	0.013
0.956	0.020	0.023	0.001
0.074	0.001	0.924	0.001
>AGGGCGGG	22-AGGGCGGG	9.875300	-5.274420	0	T:534.0(31.65%),B:13664.2(28.77%),P:1e-2	Tpos:3921.0,Tstd:7873.7,Bpos:1320.3,Bstd:703.6,StrandBias:0.2,Multiplicity:3.05
0.535	0.001	0.303	0.161
0.001	0.001	0.997	0.001
0.001	0.001	0.997	0.001
0.001	0.001	0.997	0.001
0.001	0.997	0.001	0.001
0.001	0.001	0.997	0.001
0.001	0.001	0.997	0.001
0.001	0.001	0.997	0.001
>MACGAAVG	23-MACGAAVG	6.691540	-4.028304	0	T:355.0(21.04%),B:9017.6(18.99%),P:1e-1	Tpos:3863.5,Tstd:7476.6,Bpos:1317.5,Bstd:799.2,StrandBias:0.0,Multiplicity:1.33
0.421	0.494	0.083	0.001
0.561	0.058	0.084	0.297
0.120	0.593	0.255	0.032
0.357	0.021	0.525	0.097
0.689	0.098	0.104	0.109
0.919	0.039	0.029	0.013
0.409	0.270	0.319	0.001
0.001	0.189	0.809	0.001
>ACACACAC	24-ACACACAC	8.236954	-1.955656	0	T:464.0(27.50%),B:12501.9(26.32%),P:1e0	Tpos:4998.6,Tstd:9396.0,Bpos:1296.2,Bstd:757.8,StrandBias:-0.3,Multiplicity:1.81
0.700	0.100	0.100	0.100
0.100	0.700	0.100	0.100
0.700	0.100	0.100	0.100
0.100	0.700	0.100	0.100
0.700	0.100	0.100	0.100
0.100	0.700	0.100	0.100
0.700	0.100	0.100	0.100
0.100	0.700	0.100	0.100
>GGGTGGGG	25-GGGTGGGG	10.432950	-0.565488	0	T:657.0(38.94%),B:18579.6(39.12%),P:1e0	Tpos:4118.2,Tstd:7709.3,Bpos:1324.7,Bstd:771.8,StrandBias:0.1,Multiplicity:2.19
0.001	0.060	0.938	0.001
0.001	0.001	0.997	0.001
0.001	0.001	0.813	0.185
0.001	0.001	0.001	0.997
0.001	0.001	0.771	0.227
0.001	0.001	0.997	0.001
0.001	0.001	0.997	0.001
0.106	0.001	0.892	0.001
