>GACCACCAAA	1-GACCACCAAA	10.296193	-49.240131	0	T:49.0(2.90%),B:235.3(0.50%),P:1e-21	Tpos:2061.7,Tstd:2141.8,Bpos:1328.8,Bstd:758.0,StrandBias:-0.2,Multiplicity:1.14
0.100	0.100	0.700	0.100
0.700	0.100	0.100	0.100
0.100	0.700	0.100	0.100
0.100	0.700	0.100	0.100
0.700	0.100	0.100	0.100
0.100	0.700	0.100	0.100
0.100	0.700	0.100	0.100
0.700	0.100	0.100	0.100
0.700	0.100	0.100	0.100
0.700	0.100	0.100	0.100
>TCGGTAGGTA	2-TCGGTAGGTA	10.786031	-41.181279	0	T:50.0(2.96%),B:299.6(0.63%),P:1e-17	Tpos:2658.3,Tstd:2921.6,Bpos:1330.1,Bstd:811.4,StrandBias:0.4,Multiplicity:1.06
0.001	0.197	0.001	0.801
0.001	0.803	0.195	0.001
0.001	0.213	0.785	0.001
0.001	0.001	0.997	0.001
0.001	0.001	0.001	0.997
0.997	0.001	0.001	0.001
0.001	0.378	0.620	0.001
0.001	0.001	0.997	0.001
0.001	0.001	0.001	0.997
0.997	0.001	0.001	0.001
>TCACGCAAAG	3-TCACGCAAAG	9.934248	-39.415193	0	T:98.0(5.81%),B:1024.4(2.16%),P:1e-17	Tpos:2538.0,Tstd:3420.1,Bpos:1374.3,Bstd:770.5,StrandBias:0.1,Multiplicity:1.05
0.001	0.001	0.001	0.997
0.001	0.997	0.001	0.001
0.759	0.001	0.239	0.001
0.001	0.997	0.001	0.001
0.142	0.001	0.856	0.001
0.045	0.703	0.192	0.060
0.997	0.001	0.001	0.001
0.685	0.001	0.179	0.135
0.997	0.001	0.001	0.001
0.001	0.001	0.997	0.001
>CATCAGTTAC	4-CATCAGTTAC	10.001617	-33.350542	0	T:122.0(7.23%),B:1570.3(3.31%),P:1e-14	Tpos:2441.5,Tstd:2476.1,Bpos:1291.4,Bstd:794.8,StrandBias:-0.3,Multiplicity:1.41
0.033	0.757	0.062	0.148
0.534	0.028	0.059	0.379
0.001	0.019	0.028	0.952
0.001	0.980	0.018	0.001
0.793	0.094	0.112	0.001
0.026	0.001	0.930	0.043
0.025	0.001	0.001	0.973
0.001	0.001	0.017	0.981
0.868	0.001	0.130	0.001
0.283	0.658	0.001	0.058
>CGTGCAGAGT	5-CGTGCAGAGT	11.562574	-31.796082	0	T:60.0(3.56%),B:526.4(1.11%),P:1e-13	Tpos:2510.1,Tstd:3237.5,Bpos:1324.9,Bstd:789.6,StrandBias:-0.3,Multiplicity:1.13
0.001	0.997	0.001	0.001
0.001	0.001	0.997	0.001
0.001	0.001	0.348	0.650
0.001	0.001	0.997	0.001
0.001	0.997	0.001	0.001
0.703	0.001	0.001	0.295
0.001	0.001	0.997	0.001
0.997	0.001	0.001	0.001
0.001	0.001	0.997	0.001
0.001	0.001	0.001	0.997
>CAAAAGACGT	6-CAAAAGACGT	10.310589	-28.306561	0	T:76.0(4.51%),B:838.0(1.76%),P:1e-12	Tpos:3706.7,Tstd:8010.6,Bpos:1275.2,Bstd:797.2,StrandBias:0.5,Multiplicity:1.37
0.001	0.997	0.001	0.001
0.859	0.001	0.139	0.001
0.997	0.001	0.001	0.001
0.810	0.001	0.188	0.001
0.997	0.001	0.001	0.001
0.001	0.001	0.997	0.001
0.669	0.001	0.329	0.001
0.084	0.914	0.001	0.001
0.001	0.001	0.997	0.001
0.254	0.001	0.001	0.744
>GAAAAGCGCG	7-GAAAAGCGCG	7.855566	-24.122247	0	T:231.0(13.69%),B:4196.8(8.84%),P:1e-10	Tpos:4531.1,Tstd:9654.0,Bpos:1317.2,Bstd:810.8,StrandBias:0.0,Multiplicity:1.20
0.082	0.065	0.807	0.046
0.848	0.048	0.074	0.030
0.828	0.060	0.096	0.016
0.854	0.020	0.085	0.041
0.842	0.045	0.056	0.057
0.079	0.037	0.842	0.042
0.095	0.767	0.069	0.069
0.088	0.095	0.759	0.058
0.140	0.727	0.070	0.063
0.111	0.070	0.731	0.088
>TTTMCYTARC	8-TTTMCYTARC	8.097043	-23.414668	0	T:132.0(7.82%),B:2038.0(4.29%),P:1e-10	Tpos:3569.0,Tstd:6829.4,Bpos:1312.8,Bstd:813.0,StrandBias:-0.3,Multiplicity:1.09
0.122	0.022	0.001	0.855
0.005	0.001	0.024	0.970
0.001	0.097	0.079	0.823
0.452	0.316	0.001	0.231
0.274	0.437	0.268	0.022
0.140	0.320	0.174	0.366
0.001	0.001	0.001	0.997
0.479	0.005	0.195	0.321
0.431	0.163	0.404	0.001
0.211	0.491	0.297	0.001
>CCCCACCCCC	9-CCCCACCCCC	12.222055	-22.028346	0	T:354.0(20.98%),B:7255.1(15.28%),P:1e-9	Tpos:4007.3,Tstd:7541.4,Bpos:1336.9,Bstd:787.3,StrandBias:-0.0,Multiplicity:1.60
0.001	0.997	0.001	0.001
0.001	0.997	0.001	0.001
0.001	0.997	0.001	0.001
0.001	0.997	0.001	0.001
0.509	0.001	0.309	0.181
0.001	0.997	0.001	0.001
0.001	0.997	0.001	0.001
0.001	0.997	0.001	0.001
0.001	0.937	0.001	0.061
0.001	0.583	0.001	0.415
>GCCGTTTAAA	10-GCCGTTTAAA	9.026195	-17.232670	0	T:136.0(8.06%),B:2348.2(4.94%),P:1e-7	Tpos:3775.0,Tstd:7455.0,Bpos:1304.8,Bstd:832.6,StrandBias:0.0,Multiplicity:1.10
0.076	0.109	0.774	0.041
0.053	0.800	0.082	0.065
0.118	0.732	0.036	0.114
0.194	0.172	0.429	0.204
0.011	0.014	0.023	0.952
0.016	0.012	0.040	0.932
0.018	0.018	0.060	0.904
0.839	0.028	0.035	0.098
0.842	0.118	0.023	0.017
0.803	0.072	0.076	0.049
>ATTTGCATGC	11-ATTTGCATGC	8.617588	-16.448149	0	T:279.0(16.54%),B:5764.9(12.14%),P:1e-7	Tpos:3237.7,Tstd:6114.4,Bpos:1302.7,Bstd:796.3,StrandBias:-0.1,Multiplicity:1.24
0.784	0.100	0.048	0.068
0.043	0.053	0.013	0.891
0.047	0.055	0.043	0.855
0.089	0.026	0.032	0.853
0.105	0.059	0.757	0.079
0.118	0.797	0.040	0.045
0.843	0.088	0.014	0.055
0.066	0.031	0.066	0.837
0.088	0.093	0.676	0.143
0.099	0.715	0.103	0.083
>GGGGCGCGGC	12-GGGGCGCGGC	11.102812	-14.293145	0	T:239.0(14.17%),B:4925.5(10.37%),P:1e-6	Tpos:2967.6,Tstd:6017.0,Bpos:1311.6,Bstd:641.7,StrandBias:-0.3,Multiplicity:1.81
0.001	0.001	0.997	0.001
0.244	0.004	0.632	0.120
0.001	0.001	0.938	0.060
0.001	0.001	0.997	0.001
0.200	0.749	0.001	0.050
0.001	0.001	0.937	0.061
0.039	0.502	0.261	0.198
0.002	0.012	0.877	0.109
0.001	0.047	0.903	0.049
0.001	0.997	0.001	0.001
>GCGTTTAAAT	13-GCGTTTAAAT	8.444630	-13.854803	0	T:259.0(15.35%),B:5448.4(11.47%),P:1e-6	Tpos:3332.2,Tstd:6367.9,Bpos:1298.5,Bstd:812.0,StrandBias:0.0,Multiplicity:1.29
0.044	0.058	0.780	0.118
0.180	0.623	0.102	0.095
0.226	0.149	0.508	0.117
0.022	0.024	0.024	0.930
0.008	0.033	0.027	0.932
0.068	0.011	0.077	0.844
0.782	0.050	0.103	0.065
0.844	0.073	0.045	0.038
0.918	0.015	0.013	0.054
0.058	0.070	0.028	0.844
>TAACGTTCCT	14-TAACGTTCCT	8.041117	-12.459543	0	T:252.0(14.94%),B:5376.1(11.32%),P:1e-5	Tpos:3907.6,Tstd:7958.7,Bpos:1320.7,Bstd:811.6,StrandBias:0.1,Multiplicity:1.17
0.092	0.086	0.040	0.782
0.769	0.108	0.047	0.076
0.833	0.063	0.069	0.035
0.059	0.757	0.101	0.083
0.124	0.113	0.604	0.159
0.034	0.068	0.054	0.844
0.037	0.031	0.057	0.875
0.032	0.863	0.054	0.051
0.059	0.835	0.026	0.080
0.056	0.050	0.052	0.842
>GGGRRRAAAA	15-GGGRRRAAAA	7.855227	-12.266423	0	T:333.0(19.74%),B:7441.9(15.67%),P:1e-5	Tpos:4991.0,Tstd:10761.9,Bpos:1305.7,Bstd:808.8,StrandBias:-0.1,Multiplicity:1.44
0.272	0.047	0.524	0.157
0.237	0.131	0.477	0.155
0.271	0.035	0.621	0.073
0.467	0.034	0.452	0.047
0.475	0.033	0.468	0.024
0.456	0.145	0.372	0.027
0.565	0.037	0.089	0.309
0.596	0.037	0.201	0.166
0.896	0.022	0.047	0.035
0.646	0.028	0.287	0.039
>GCGTTTTAAA	16-GCGTTTTAAA	8.397524	-12.159158	0	T:281.0(16.66%),B:6127.9(12.90%),P:1e-5	Tpos:3882.5,Tstd:7135.8,Bpos:1303.2,Bstd:821.8,StrandBias:-0.1,Multiplicity:1.31
0.057	0.161	0.720	0.062
0.050	0.774	0.089	0.087
0.105	0.127	0.663	0.105
0.018	0.032	0.041	0.909
0.043	0.037	0.043	0.877
0.060	0.058	0.049	0.833
0.056	0.054	0.078	0.812
0.860	0.058	0.035	0.047
0.749	0.077	0.037	0.137
0.806	0.114	0.029	0.051
>GCGCGCGACA	17-GCGCGCGACA	9.098457	-12.054641	0	T:74.0(4.39%),B:1198.8(2.52%),P:1e-5	Tpos:2997.5,Tstd:3633.4,Bpos:1379.8,Bstd:759.6,StrandBias:-0.1,Multiplicity:1.59
0.001	0.001	0.935	0.063
0.001	0.935	0.001	0.063
0.001	0.001	0.997	0.001
0.001	0.997	0.001	0.001
0.299	0.001	0.699	0.001
0.145	0.554	0.001	0.300
0.001	0.409	0.589	0.001
0.606	0.001	0.064	0.329
0.367	0.555	0.001	0.077
0.922	0.001	0.001	0.076
>GCCTTTTAAC	18-GCCTTTTAAC	10.003205	-12.036214	0	T:101.0(5.99%),B:1790.9(3.77%),P:1e-5	Tpos:5184.5,Tstd:14252.2,Bpos:1293.8,Bstd:823.2,StrandBias:0.3,Multiplicity:1.12
0.037	0.030	0.932	0.001
0.066	0.873	0.043	0.018
0.207	0.490	0.115	0.188
0.001	0.010	0.001	0.988
0.051	0.044	0.008	0.897
0.076	0.150	0.044	0.730
0.001	0.080	0.038	0.881
0.783	0.183	0.024	0.010
0.769	0.080	0.031	0.120
0.174	0.659	0.033	0.134
>CCCSCCCTCC	19-CCCSCCCTCC	10.353615	-11.648379	0	T:316.0(18.73%),B:7060.8(14.87%),P:1e-5	Tpos:4304.9,Tstd:8009.2,Bpos:1333.5,Bstd:736.3,StrandBias:-0.5,Multiplicity:1.85
0.001	0.628	0.328	0.043
0.001	0.997	0.001	0.001
0.001	0.642	0.356	0.001
0.001	0.483	0.456	0.060
0.001	0.893	0.001	0.105
0.001	0.997	0.001	0.001
0.001	0.981	0.017	0.001
0.001	0.001	0.001	0.997
0.001	0.997	0.001	0.001
0.001	0.810	0.001	0.188
>GCGCAGTTCG	20-GCGCAGTTCG	7.362456	-11.459775	0	T:203.0(12.03%),B:4236.8(8.92%),P:1e-4	Tpos:4465.0,Tstd:9252.9,Bpos:1340.7,Bstd:762.1,StrandBias:-0.2,Multiplicity:1.35
0.036	0.064	0.857	0.043
0.085	0.784	0.075	0.056
0.068	0.093	0.765	0.074
0.049	0.813	0.098	0.040
0.795	0.077	0.067	0.061
0.030	0.074	0.862	0.034
0.072	0.098	0.084	0.746
0.053	0.029	0.078	0.840
0.063	0.771	0.087	0.079
0.058	0.106	0.773	0.063
>GTTGCTAAAC	21-GTTGCTAAAC	7.642763	-7.779899	0	T:330.0(19.56%),B:7813.7(16.45%),P:1e-3	Tpos:3322.2,Tstd:6811.6,Bpos:1310.2,Bstd:816.5,StrandBias:0.0,Multiplicity:1.27
0.057	0.103	0.730	0.110
0.055	0.093	0.031	0.821
0.050	0.033	0.043	0.874
0.046	0.085	0.701	0.168
0.044	0.776	0.085	0.095
0.081	0.046	0.025	0.848
0.839	0.040	0.055	0.066
0.833	0.041	0.070	0.056
0.777	0.066	0.084	0.073
0.067	0.804	0.047	0.082
>ACCGCTTAGC	22-ACCGCTTAGC	8.457462	-6.442523	0	T:42.0(2.49%),B:719.4(1.51%),P:1e-2	Tpos:5723.7,Tstd:13190.4,Bpos:1315.7,Bstd:785.8,StrandBias:1.0,Multiplicity:1.02
0.692	0.112	0.105	0.091
0.087	0.712	0.111	0.090
0.112	0.677	0.108	0.103
0.093	0.101	0.683	0.123
0.076	0.728	0.094	0.102
0.087	0.102	0.094	0.717
0.089	0.110	0.123	0.678
0.700	0.111	0.088	0.101
0.113	0.098	0.701	0.088
0.098	0.716	0.093	0.093
>GYDAANDAAA	23-GYDAANDAAA	7.578567	-5.306739	0	T:194.0(11.50%),B:4549.8(9.58%),P:1e-2	Tpos:3350.4,Tstd:6615.5,Bpos:1308.4,Bstd:802.1,StrandBias:0.4,Multiplicity:1.21
0.001	0.186	0.684	0.129
0.148	0.313	0.155	0.384
0.369	0.038	0.290	0.303
0.636	0.173	0.001	0.190
0.952	0.046	0.001	0.001
0.314	0.243	0.223	0.220
0.284	0.101	0.259	0.356
0.776	0.001	0.222	0.001
0.752	0.246	0.001	0.001
0.620	0.076	0.243	0.061
>TCACTCGCGC	24-TCACTCGCGC	10.296193	-3.511079	0	T:5.0(0.30%),B:48.4(0.10%),P:1e-1	Tpos:2107.7,Tstd:993.5,Bpos:1529.9,Bstd:762.3,StrandBias:-4.8,Multiplicity:16.80
0.100	0.100	0.100	0.700
0.100	0.700	0.100	0.100
0.700	0.100	0.100	0.100
0.100	0.700	0.100	0.100
0.100	0.100	0.100	0.700
0.100	0.700	0.100	0.100
0.100	0.100	0.700	0.100
0.100	0.700	0.100	0.100
0.100	0.100	0.700	0.100
0.100	0.700	0.100	0.100
>TGTGTGTGTG	25-TGTGTGTGTG	10.296193	-2.240958	0	T:254.0(15.06%),B:6635.8(13.97%),P:1e0	Tpos:5074.1,Tstd:9432.2,Bpos:1290.1,Bstd:755.4,StrandBias:0.4,Multiplicity:1.59
0.100	0.100	0.100	0.700
0.100	0.100	0.700	0.100
0.100	0.100	0.100	0.700
0.100	0.100	0.700	0.100
0.100	0.100	0.100	0.700
0.100	0.100	0.700	0.100
0.100	0.100	0.100	0.700
0.100	0.100	0.700	0.100
0.100	0.100	0.100	0.700
0.100	0.100	0.700	0.100
