>AAGTTTCACTTC	7-AAGTTTCACTTC	9.807268	-27.070247	0	T:344.0(6.42%),B:1957.0(4.35%),P:1e-11
0.814	0.083	0.052	0.051
0.879	0.032	0.045	0.044
0.089	0.079	0.774	0.058
0.047	0.043	0.048	0.862
0.065	0.058	0.049	0.828
0.040	0.046	0.035	0.879
0.114	0.809	0.029	0.048
0.866	0.052	0.030	0.052
0.054	0.807	0.087	0.052
0.047	0.059	0.042	0.852
0.032	0.043	0.064	0.861
0.066	0.770	0.059	0.105
