>TTTCCAGGAAAG	5-CTTTCCTGGAAA	9.288954	-40.754467	0	T:1301.0(24.30%),B:8754.8(19.46%),P:1e-17
0.044	0.058	0.043	0.855
0.029	0.077	0.033	0.861
0.059	0.086	0.064	0.791
0.074	0.803	0.044	0.079
0.066	0.858	0.044	0.032
0.855	0.040	0.037	0.068
0.056	0.029	0.861	0.054
0.095	0.051	0.815	0.039
0.837	0.056	0.067	0.040
0.829	0.051	0.087	0.033
0.840	0.041	0.083	0.036
0.072	0.047	0.797	0.084
