>GGGAAGGGCTGT	11-GGGAAGGGCTGT	9.119649	-17.033303	0	T:1502.0(28.05%),B:11171.1(24.83%),P:1e-7
0.095	0.029	0.823	0.053
0.069	0.003	0.847	0.081
0.099	0.021	0.795	0.085
0.827	0.081	0.057	0.035
0.855	0.031	0.077	0.037
0.057	0.025	0.795	0.123
0.064	0.037	0.844	0.055
0.021	0.024	0.908	0.047
0.048	0.747	0.186	0.019
0.080	0.036	0.033	0.851
0.028	0.049	0.884	0.039
0.062	0.064	0.046	0.828
