>AAGCTTCCTCTT	9-AAGCTTCCTCTT	9.569164	-25.347777	0	T:808.0(15.09%),B:5399.2(12.00%),P:1e-11
0.683	0.156	0.100	0.061
0.743	0.041	0.109	0.107
0.110	0.104	0.679	0.107
0.055	0.787	0.027	0.131
0.012	0.067	0.001	0.920
0.029	0.059	0.129	0.783
0.074	0.745	0.101	0.080
0.066	0.858	0.025	0.051
0.072	0.124	0.006	0.798
0.019	0.639	0.156	0.186
0.041	0.151	0.050	0.758
0.066	0.146	0.178	0.610
