>CAGCTGYTNYYK	6-CAGCTGYTNYYK	8.637525	-37.988927	0	T:1105.0(20.63%),B:7321.7(16.27%),P:1e-16
0.178	0.475	0.165	0.182
0.712	0.005	0.008	0.275
0.008	0.002	0.976	0.014
0.245	0.686	0.006	0.063
0.311	0.008	0.065	0.616
0.011	0.011	0.966	0.012
0.013	0.495	0.010	0.482
0.186	0.211	0.014	0.589
0.245	0.187	0.238	0.330
0.011	0.536	0.019	0.434
0.210	0.334	0.015	0.441
0.138	0.192	0.294	0.377
