>SCGGCCCCGCCC	8-SCGGCCCCGCCC	7.723598	-25.940734	0	T:710.0(13.26%),B:4642.8(10.32%),P:1e-11
0.205	0.390	0.265	0.140
0.206	0.468	0.138	0.187
0.218	0.204	0.422	0.156
0.101	0.268	0.512	0.119
0.062	0.685	0.146	0.107
0.052	0.730	0.087	0.131
0.149	0.655	0.064	0.132
0.176	0.489	0.121	0.214
0.189	0.148	0.443	0.219
0.084	0.601	0.189	0.126
0.080	0.713	0.088	0.119
0.097	0.510	0.133	0.260
