>NTAACACAGCTN	15-NTAACACAGCTN	7.829842	-10.368729	0	T:511.0(9.54%),B:3604.0(8.01%),P:1e-4
0.230	0.220	0.237	0.314
0.144	0.120	0.122	0.614
0.620	0.130	0.125	0.125
0.635	0.121	0.122	0.122
0.139	0.621	0.126	0.114
0.656	0.122	0.102	0.120
0.129	0.632	0.123	0.116
0.674	0.092	0.101	0.133
0.119	0.118	0.640	0.123
0.123	0.628	0.120	0.129
0.129	0.124	0.098	0.649
0.215	0.234	0.235	0.317
