>CTTTCCTGGAAA	5-CTTTCCTGGAAA,BestGuess:Bcl6(Zf)/Liver-Bcl6-ChIP-Seq(GSE31578)/Homer(0.890)	9.288954	-40.754467	0	T:1301.0(24.30%),B:8754.8(19.46%),P:1e-17
0.084	0.797	0.047	0.072
0.036	0.083	0.041	0.840
0.033	0.087	0.051	0.829
0.040	0.067	0.056	0.837
0.039	0.815	0.051	0.095
0.054	0.861	0.029	0.056
0.068	0.037	0.040	0.855
0.032	0.044	0.858	0.066
0.079	0.044	0.803	0.074
0.791	0.064	0.086	0.059
0.861	0.033	0.077	0.029
0.855	0.043	0.058	0.044
