>AAGCTTGCTTTC	12-AAGCTTGCTTTC,BestGuess:Nr2e3/MA0164.1/Jaspar(0.736)	8.839964	-12.291008	0	T:1139.0(21.27%),B:8483.2(18.85%),P:1e-5
0.746	0.090	0.088	0.076
0.762	0.067	0.085	0.086
0.083	0.088	0.752	0.077
0.085	0.729	0.078	0.108
0.082	0.093	0.067	0.758
0.092	0.069	0.086	0.753
0.081	0.110	0.713	0.096
0.073	0.742	0.095	0.090
0.067	0.079	0.057	0.797
0.069	0.084	0.089	0.758
0.084	0.086	0.062	0.768
0.078	0.724	0.102	0.096
