>BSTTCTRGAABVTTCYAGAA	HRE(HSF)/HepG2-HSF1-ChIP-Seq(GSE31477)/Homer	8.440248	-6.174007	0	T:1119.0(17.92%),B:7315.3(16.55%),P:1e-2
0.156	0.338	0.294	0.212
0.200	0.355	0.281	0.164
0.096	0.242	0.229	0.433
0.089	0.199	0.176	0.536
0.138	0.691	0.127	0.044
0.107	0.274	0.099	0.520
0.474	0.015	0.510	0.001
0.004	0.014	0.981	0.001
0.880	0.085	0.013	0.022
0.891	0.012	0.081	0.016
0.138	0.284	0.342	0.236
0.212	0.346	0.305	0.137
0.018	0.110	0.005	0.867
0.019	0.014	0.067	0.900
0.001	0.993	0.001	0.005
0.005	0.486	0.020	0.489
0.515	0.108	0.281	0.096
0.042	0.136	0.690	0.132
0.550	0.175	0.170	0.105
0.416	0.243	0.240	0.101
