>TGCGCCCAGGTG	10-CACCTGGGCGCA	12.073248	-49.918311	0	T:44.0(2.61%),B:182.2(0.38%),P:1e-21
0.096	0.037	0.056	0.811
0.196	0.102	0.629	0.073
0.007	0.979	0.013	0.001
0.109	0.040	0.774	0.077
0.011	0.868	0.068	0.053
0.020	0.787	0.094	0.099
0.059	0.866	0.026	0.049
0.809	0.143	0.047	0.001
0.017	0.024	0.919	0.040
0.302	0.037	0.584	0.077
0.054	0.020	0.020	0.906
0.001	0.133	0.824	0.042
