>TTATTTAAAGGC	17-TTATTTAAAGGC,BestGuess:LIN54/MA0619.1/Jaspar(0.691)	9.365236	-31.410786	0	T:256.0(15.17%),B:4452.2(9.37%),P:1e-13
0.080	0.018	0.076	0.826
0.050	0.060	0.068	0.822
0.843	0.042	0.058	0.057
0.031	0.027	0.087	0.855
0.052	0.047	0.065	0.836
0.078	0.058	0.029	0.835
0.862	0.054	0.028	0.056
0.887	0.037	0.038	0.038
0.857	0.008	0.070	0.065
0.061	0.052	0.802	0.085
0.051	0.071	0.802	0.076
0.052	0.778	0.098	0.072
