>GCCTTTTAAAAG	19-GCCTTTTAAAAG	10.371841	-18.612644	0	T:146.0(8.65%),B:2514.0(5.29%),P:1e-8
0.071	0.105	0.737	0.087
0.117	0.799	0.044	0.040
0.111	0.741	0.057	0.091
0.059	0.069	0.016	0.856
0.027	0.043	0.040	0.890
0.034	0.030	0.028	0.908
0.049	0.050	0.071	0.830
0.820	0.069	0.051	0.060
0.934	0.020	0.029	0.017
0.922	0.066	0.011	0.001
0.817	0.016	0.097	0.070
0.113	0.050	0.753	0.084
