>GGGGAAAAAAAA	20-TTTTTTTTCCCC	11.056148	-15.874606	0	T:134.0(7.94%),B:2361.5(4.97%),P:1e-6
0.194	0.001	0.702	0.103
0.243	0.019	0.721	0.017
0.189	0.070	0.656	0.085
0.274	0.081	0.609	0.036
0.535	0.080	0.379	0.006
0.735	0.026	0.238	0.001
0.726	0.001	0.271	0.002
0.794	0.041	0.161	0.004
0.662	0.080	0.256	0.002
0.780	0.010	0.102	0.108
0.932	0.001	0.002	0.065
0.594	0.108	0.171	0.127
