>TTCAAATGCAAA	18-TTTGCATTTGAA	9.097388	-26.846816	0	T:282.0(16.72%),B:5253.1(11.06%),P:1e-11
0.075	0.088	0.074	0.763
0.078	0.074	0.087	0.761
0.101	0.686	0.112	0.101
0.763	0.089	0.044	0.104
0.704	0.106	0.096	0.094
0.759	0.073	0.082	0.086
0.089	0.051	0.100	0.760
0.073	0.069	0.783	0.075
0.092	0.726	0.089	0.093
0.803	0.070	0.040	0.087
0.743	0.087	0.092	0.078
0.749	0.082	0.083	0.086
