>CACCTGGGCGCA	10-CACCTGGGCGCA,BestGuess:ZEB1/MA0103.3/Jaspar(0.711)	12.073248	-49.918311	0	T:44.0(2.61%),B:182.2(0.38%),P:1e-21
0.042	0.824	0.133	0.001
0.906	0.020	0.020	0.054
0.077	0.584	0.037	0.302
0.040	0.919	0.024	0.017
0.001	0.047	0.143	0.809
0.049	0.026	0.866	0.059
0.099	0.094	0.787	0.020
0.053	0.068	0.868	0.011
0.077	0.774	0.040	0.109
0.001	0.013	0.979	0.007
0.073	0.629	0.102	0.196
0.811	0.056	0.037	0.096
