>TTTTTTTTCCCC	20-TTTTTTTTCCCC,BestGuess:ZNF384/MA1125.1/Jaspar(0.746)	11.056148	-15.874606	0	T:134.0(7.94%),B:2361.5(4.97%),P:1e-6
0.127	0.171	0.108	0.594
0.065	0.002	0.001	0.932
0.108	0.102	0.010	0.780
0.002	0.256	0.080	0.662
0.004	0.161	0.041	0.794
0.002	0.271	0.001	0.726
0.001	0.238	0.026	0.735
0.006	0.379	0.080	0.535
0.036	0.609	0.081	0.274
0.085	0.656	0.070	0.189
0.017	0.721	0.019	0.243
0.103	0.702	0.001	0.194
