>CAGAGGCCTGAC	13-GTCAGGCCTCTG	13.167003	-45.577479	0	T:37.0(2.19%),B:138.9(0.29%),P:1e-19
0.092	0.742	0.061	0.105
0.696	0.118	0.108	0.078
0.084	0.094	0.728	0.094
0.799	0.067	0.065	0.069
0.083	0.077	0.779	0.061
0.068	0.070	0.744	0.118
0.074	0.751	0.073	0.102
0.073	0.785	0.063	0.079
0.077	0.063	0.085	0.775
0.158	0.067	0.654	0.121
0.781	0.074	0.060	0.085
0.088	0.767	0.032	0.113
