>TGAGTCAT	1-TGAGTCAT	9.300958	-194.606265	0	T:1589.0(29.67%),B:8375.6(18.62%),P:1e-84	Tpos:2446.9,Tstd:2736.2,Bpos:1634.4,Bstd:979.5,StrandBias:-0.0,Multiplicity:1.32
0.001	0.001	0.001	0.997
0.001	0.001	0.997	0.001
0.997	0.001	0.001	0.001
0.001	0.270	0.728	0.001
0.001	0.001	0.001	0.997
0.001	0.997	0.001	0.001
0.997	0.001	0.001	0.001
0.001	0.202	0.167	0.630
>TGAVTCAK	2-TGAVTCAK	8.814859	-135.022741	0	T:2326.0(43.44%),B:14755.5(32.80%),P:1e-58	Tpos:2657.9,Tstd:3078.4,Bpos:1618.3,Bstd:988.4,StrandBias:-0.1,Multiplicity:1.27
0.001	0.001	0.001	0.997
0.001	0.001	0.997	0.001
0.997	0.001	0.001	0.001
0.245	0.214	0.358	0.183
0.001	0.001	0.001	0.997
0.001	0.997	0.001	0.001
0.997	0.001	0.001	0.001
0.001	0.227	0.345	0.427
>ATKACTMA	3-ATKACTMA	5.684040	-80.127194	0	T:2798.0(52.25%),B:19709.1(43.81%),P:1e-34	Tpos:2628.5,Tstd:2816.0,Bpos:1610.5,Bstd:967.4,StrandBias:0.0,Multiplicity:1.54
0.980	0.001	0.018	0.001
0.001	0.001	0.001	0.997
0.001	0.001	0.534	0.464
0.997	0.001	0.001	0.001
0.001	0.997	0.001	0.001
0.001	0.001	0.001	0.997
0.524	0.474	0.001	0.001
0.997	0.001	0.001	0.001
>CACTTCCT	4-CACTTCCT	10.288949	-68.824797	0	T:1530.0(28.57%),B:9847.2(21.89%),P:1e-29	Tpos:2799.0,Tstd:3308.0,Bpos:1607.2,Bstd:998.2,StrandBias:-0.0,Multiplicity:1.33
0.001	0.997	0.001	0.001
0.852	0.001	0.146	0.001
0.001	0.598	0.001	0.400
0.001	0.001	0.001	0.997
0.001	0.001	0.001	0.997
0.001	0.997	0.001	0.001
0.001	0.997	0.001	0.001
0.001	0.001	0.104	0.894
>AACAGCTG	5-AACAGCTG	10.326047	-48.130075	0	T:1029.0(19.22%),B:6507.1(14.46%),P:1e-20	Tpos:2696.2,Tstd:3180.3,Bpos:1626.6,Bstd:982.6,StrandBias:-0.0,Multiplicity:1.17
0.601	0.158	0.240	0.001
0.830	0.001	0.168	0.001
0.001	0.997	0.001	0.001
0.972	0.026	0.001	0.001
0.001	0.001	0.997	0.001
0.001	0.997	0.001	0.001
0.001	0.026	0.001	0.972
0.001	0.001	0.997	0.001
>AACAGGAA	6-AACAGGAA	10.416435	-45.653450	0	T:1367.0(25.53%),B:9135.6(20.30%),P:1e-19	Tpos:2727.0,Tstd:3007.9,Bpos:1614.9,Bstd:982.4,StrandBias:0.1,Multiplicity:1.27
0.661	0.209	0.129	0.001
0.997	0.001	0.001	0.001
0.001	0.839	0.159	0.001
0.933	0.022	0.044	0.001
0.001	0.001	0.997	0.001
0.001	0.001	0.997	0.001
0.997	0.001	0.001	0.001
0.997	0.001	0.001	0.001
>AGGGTGTG	7-AGGGTGTG	10.481328	-32.554967	0	T:1058.0(19.76%),B:7107.5(15.80%),P:1e-14	Tpos:2957.4,Tstd:3265.8,Bpos:1606.1,Bstd:985.5,StrandBias:-0.1,Multiplicity:1.29
0.767	0.001	0.231	0.001
0.001	0.001	0.997	0.001
0.001	0.001	0.997	0.001
0.001	0.001	0.997	0.001
0.143	0.134	0.001	0.722
0.001	0.001	0.997	0.001
0.001	0.001	0.001	0.997
0.001	0.001	0.997	0.001
>AACCACAG	8-AACCACAG	10.689493	-28.452856	0	T:1103.0(20.60%),B:7574.2(16.83%),P:1e-12	Tpos:2773.2,Tstd:3082.0,Bpos:1608.6,Bstd:986.4,StrandBias:0.1,Multiplicity:1.20
0.997	0.001	0.001	0.001
0.997	0.001	0.001	0.001
0.001	0.997	0.001	0.001
0.001	0.997	0.001	0.001
0.938	0.001	0.060	0.001
0.001	0.997	0.001	0.001
0.997	0.001	0.001	0.001
0.001	0.271	0.727	0.001
>CAGCTGTC	9-CAGCTGTC	10.272121	-27.875414	0	T:957.0(17.87%),B:6465.7(14.37%),P:1e-12	Tpos:2916.3,Tstd:3385.9,Bpos:1626.7,Bstd:989.4,StrandBias:-0.0,Multiplicity:1.17
0.001	0.914	0.084	0.001
0.924	0.001	0.001	0.074
0.001	0.001	0.997	0.001
0.072	0.926	0.001	0.001
0.001	0.046	0.001	0.952
0.001	0.146	0.852	0.001
0.060	0.148	0.001	0.791
0.001	0.882	0.116	0.001
>CGGAAACS	10-CGGAAACS	7.925097	-27.202480	0	T:911.0(17.01%),B:6132.6(13.63%),P:1e-11	Tpos:2817.7,Tstd:3272.9,Bpos:1617.3,Bstd:939.4,StrandBias:-0.0,Multiplicity:1.22
0.272	0.726	0.001	0.001
0.001	0.001	0.997	0.001
0.001	0.001	0.997	0.001
0.997	0.001	0.001	0.001
0.997	0.001	0.001	0.001
0.628	0.102	0.269	0.001
0.145	0.552	0.001	0.302
0.171	0.376	0.453	0.001
>CATTTCCT	11-CATTTCCT	10.449168	-23.036763	0	T:1550.0(28.94%),B:11296.5(25.11%),P:1e-10	Tpos:2836.1,Tstd:3302.1,Bpos:1636.0,Bstd:984.6,StrandBias:-0.1,Multiplicity:1.34
0.152	0.747	0.100	0.001
0.997	0.001	0.001	0.001
0.001	0.001	0.153	0.845
0.001	0.001	0.001	0.997
0.001	0.001	0.001	0.997
0.001	0.997	0.001	0.001
0.001	0.997	0.001	0.001
0.001	0.151	0.001	0.847
>GGGCGGGA	12-GGGCGGGA	9.708133	-22.789328	0	T:479.0(8.94%),B:3004.8(6.68%),P:1e-9	Tpos:3143.5,Tstd:3564.4,Bpos:1624.3,Bstd:836.1,StrandBias:0.0,Multiplicity:1.33
0.001	0.001	0.997	0.001
0.001	0.222	0.776	0.001
0.001	0.001	0.997	0.001
0.001	0.621	0.001	0.377
0.001	0.129	0.869	0.001
0.001	0.001	0.997	0.001
0.024	0.001	0.974	0.001
0.621	0.001	0.377	0.001
>GCCACRCC	13-GCCACRCC	8.850065	-21.688819	0	T:1075.0(20.07%),B:7580.0(16.85%),P:1e-9	Tpos:2788.0,Tstd:3074.2,Bpos:1610.1,Bstd:955.7,StrandBias:0.0,Multiplicity:1.31
0.051	0.115	0.638	0.196
0.067	0.873	0.001	0.059
0.170	0.828	0.001	0.001
0.875	0.001	0.123	0.001
0.001	0.875	0.123	0.001
0.342	0.001	0.489	0.168
0.001	0.884	0.114	0.001
0.001	0.997	0.001	0.001
>GGTGGGGC	14-GGTGGGGC	10.338102	-15.593060	0	T:1284.0(23.98%),B:9485.4(21.08%),P:1e-6	Tpos:3180.9,Tstd:3700.7,Bpos:1615.6,Bstd:957.1,StrandBias:0.2,Multiplicity:1.48
0.001	0.094	0.904	0.001
0.001	0.001	0.997	0.001
0.001	0.001	0.001	0.997
0.001	0.001	0.997	0.001
0.001	0.081	0.619	0.299
0.001	0.001	0.997	0.001
0.001	0.001	0.997	0.001
0.001	0.855	0.001	0.143
>TAAACGGC	15-TAAACGGC	8.637447	-15.276661	0	T:652.0(12.18%),B:4516.8(10.04%),P:1e-6	Tpos:2803.9,Tstd:3069.0,Bpos:1635.0,Bstd:967.5,StrandBias:0.1,Multiplicity:1.10
0.034	0.054	0.030	0.882
0.965	0.001	0.001	0.033
0.977	0.021	0.001	0.001
0.954	0.044	0.001	0.001
0.063	0.775	0.161	0.001
0.161	0.037	0.675	0.127
0.018	0.001	0.980	0.001
0.083	0.887	0.029	0.001
>GKAACGTT	16-GKAACGTT	7.347042	-15.099571	0	T:908.0(16.96%),B:6518.2(14.49%),P:1e-6	Tpos:2479.2,Tstd:2509.5,Bpos:1608.6,Bstd:977.6,StrandBias:-0.0,Multiplicity:1.17
0.048	0.229	0.590	0.133
0.150	0.230	0.239	0.381
0.940	0.001	0.008	0.051
0.718	0.001	0.230	0.051
0.001	0.830	0.001	0.168
0.001	0.005	0.678	0.316
0.001	0.001	0.050	0.948
0.001	0.001	0.255	0.743
>GGGCGGGG	17-GGGCGGGG	10.269012	-13.589357	0	T:924.0(17.25%),B:6708.5(14.91%),P:1e-5	Tpos:3448.2,Tstd:3734.9,Bpos:1628.6,Bstd:808.8,StrandBias:-0.0,Multiplicity:2.10
0.001	0.001	0.962	0.036
0.001	0.001	0.997	0.001
0.001	0.001	0.997	0.001
0.001	0.719	0.001	0.279
0.001	0.001	0.855	0.143
0.041	0.001	0.957	0.001
0.001	0.048	0.950	0.001
0.001	0.134	0.823	0.042
>VACGGTTN	18-VACGGTTN	5.699329	-12.369902	0	T:982.0(18.34%),B:7224.2(16.06%),P:1e-5	Tpos:2930.3,Tstd:3246.0,Bpos:1621.7,Bstd:951.6,StrandBias:0.1,Multiplicity:1.21
0.388	0.248	0.306	0.059
0.687	0.130	0.123	0.060
0.120	0.743	0.136	0.001
0.111	0.195	0.571	0.123
0.036	0.021	0.706	0.237
0.030	0.146	0.175	0.649
0.103	0.148	0.106	0.643
0.291	0.214	0.219	0.276
>CCCCGGGG	19-CCCCGGGG	8.236954	-11.888984	0	T:312.0(5.83%),B:2039.4(4.53%),P:1e-5	Tpos:3368.4,Tstd:3359.6,Bpos:1642.6,Bstd:892.0,StrandBias:0.0,Multiplicity:1.20
0.100	0.700	0.100	0.100
0.100	0.700	0.100	0.100
0.100	0.700	0.100	0.100
0.100	0.700	0.100	0.100
0.100	0.100	0.700	0.100
0.100	0.100	0.700	0.100
0.100	0.100	0.700	0.100
0.100	0.100	0.700	0.100
>TGAAAGCT	20-TGAAAGCT	9.411019	-10.832475	0	T:790.0(14.75%),B:5772.2(12.83%),P:1e-4	Tpos:2722.6,Tstd:3248.4,Bpos:1593.1,Bstd:983.4,StrandBias:0.1,Multiplicity:1.15
0.268	0.074	0.011	0.647
0.001	0.001	0.769	0.229
0.997	0.001	0.001	0.001
0.643	0.013	0.343	0.001
0.997	0.001	0.001	0.001
0.001	0.001	0.997	0.001
0.001	0.997	0.001	0.001
0.408	0.001	0.001	0.590
>CCCGAGGG	21-CCCGAGGG	8.475198	-10.593202	0	T:599.0(11.19%),B:4280.1(9.51%),P:1e-4	Tpos:3126.4,Tstd:3444.7,Bpos:1624.7,Bstd:910.0,StrandBias:0.1,Multiplicity:1.31
0.001	0.803	0.195	0.001
0.001	0.574	0.260	0.165
0.001	0.853	0.145	0.001
0.001	0.154	0.839	0.006
0.980	0.001	0.001	0.018
0.001	0.001	0.997	0.001
0.001	0.001	0.997	0.001
0.001	0.206	0.792	0.001
>TAACTTCG	22-TAACTTCG	8.666128	-8.832551	0	T:595.0(11.11%),B:4325.5(9.61%),P:1e-3	Tpos:2622.6,Tstd:3148.9,Bpos:1603.6,Bstd:973.6,StrandBias:-0.1,Multiplicity:1.11
0.001	0.021	0.001	0.977
0.976	0.022	0.001	0.001
0.931	0.018	0.017	0.034
0.091	0.874	0.034	0.001
0.024	0.001	0.015	0.960
0.030	0.001	0.019	0.950
0.001	0.787	0.096	0.116
0.133	0.159	0.557	0.151
>CGTGTTTA	23-CGTGTTTA	8.670974	-8.337120	0	T:1080.0(20.17%),B:8230.7(18.29%),P:1e-3	Tpos:2634.6,Tstd:2849.4,Bpos:1632.8,Bstd:958.6,StrandBias:-0.0,Multiplicity:1.22
0.074	0.734	0.001	0.191
0.001	0.081	0.750	0.168
0.018	0.015	0.027	0.940
0.033	0.001	0.911	0.055
0.001	0.014	0.046	0.939
0.001	0.026	0.027	0.946
0.001	0.001	0.001	0.997
0.819	0.032	0.051	0.098
>CCCCTGGG	24-CCCCTGGG	10.993305	-3.545594	0	T:1212.0(22.63%),B:9697.7(21.55%),P:1e-1	Tpos:3228.1,Tstd:3709.3,Bpos:1625.3,Bstd:994.2,StrandBias:0.0,Multiplicity:1.50
0.001	0.983	0.015	0.001
0.001	0.997	0.001	0.001
0.001	0.997	0.001	0.001
0.001	0.997	0.001	0.001
0.058	0.001	0.001	0.940
0.001	0.001	0.997	0.001
0.001	0.001	0.997	0.001
0.001	0.001	0.997	0.001
>MAGCCSTK	25-MAGCCSTK	5.489937	-2.524143	0	T:1683.0(31.43%),B:13738.1(30.53%),P:1e-1	Tpos:3126.4,Tstd:3594.6,Bpos:1615.6,Bstd:997.9,StrandBias:-0.1,Multiplicity:1.74
0.322	0.454	0.042	0.182
0.485	0.166	0.124	0.225
0.183	0.001	0.644	0.172
0.093	0.629	0.024	0.254
0.116	0.520	0.007	0.357
0.101	0.364	0.346	0.189
0.122	0.166	0.234	0.477
0.058	0.146	0.459	0.337
