>GATGAGTCAT	1-GATGAGTCAT	8.705093	-266.575972	0	T:1711.0(31.95%),B:8466.8(18.82%),P:1e-115	Tpos:2483.3,Tstd:2799.7,Bpos:1641.6,Bstd:975.9,StrandBias:-0.1,Multiplicity:1.32
0.200	0.167	0.481	0.152
0.597	0.189	0.151	0.063
0.011	0.020	0.009	0.960
0.028	0.009	0.875	0.088
0.958	0.014	0.005	0.023
0.078	0.210	0.645	0.067
0.014	0.012	0.005	0.969
0.052	0.927	0.006	0.015
0.960	0.015	0.015	0.010
0.029	0.177	0.165	0.629
>VTGAVTCANH	2-VTGAVTCANH	7.898258	-173.588784	0	T:2503.0(46.74%),B:15523.2(34.50%),P:1e-75	Tpos:2605.8,Tstd:2811.3,Bpos:1615.2,Bstd:981.4,StrandBias:-0.0,Multiplicity:1.34
0.321	0.230	0.300	0.149
0.001	0.001	0.001	0.997
0.001	0.001	0.614	0.384
0.974	0.001	0.001	0.024
0.255	0.387	0.297	0.061
0.017	0.001	0.001	0.981
0.378	0.620	0.001	0.001
0.997	0.001	0.001	0.001
0.195	0.261	0.263	0.281
0.312	0.353	0.001	0.334
>GYCACTTCCT	3-GYCACTTCCT	10.187223	-102.479957	0	T:1358.0(25.36%),B:7945.0(17.66%),P:1e-44	Tpos:2843.4,Tstd:3327.7,Bpos:1618.9,Bstd:991.5,StrandBias:-0.1,Multiplicity:1.23
0.158	0.241	0.480	0.121
0.001	0.409	0.198	0.392
0.001	0.997	0.001	0.001
0.997	0.001	0.001	0.001
0.001	0.612	0.001	0.386
0.001	0.001	0.001	0.997
0.001	0.124	0.001	0.874
0.001	0.997	0.001	0.001
0.001	0.997	0.001	0.001
0.001	0.196	0.001	0.802
>ACAGGAARTV	4-ACAGGAARTV	9.394133	-98.107051	0	T:813.0(15.18%),B:4174.4(9.28%),P:1e-42	Tpos:2739.3,Tstd:3210.4,Bpos:1639.8,Bstd:978.5,StrandBias:0.1,Multiplicity:1.15
0.613	0.057	0.233	0.097
0.217	0.644	0.138	0.001
0.787	0.076	0.136	0.001
0.001	0.001	0.997	0.001
0.001	0.001	0.881	0.117
0.948	0.001	0.001	0.050
0.876	0.080	0.001	0.043
0.541	0.001	0.457	0.001
0.001	0.380	0.080	0.539
0.231	0.246	0.380	0.143
>ACGAGGAAGC	5-ACGAGGAAGC	8.155781	-53.456362	0	T:1231.0(22.99%),B:7908.7(17.58%),P:1e-23	Tpos:2751.2,Tstd:3028.2,Bpos:1615.0,Bstd:973.8,StrandBias:-0.0,Multiplicity:1.21
0.799	0.118	0.051	0.032
0.119	0.702	0.069	0.110
0.143	0.126	0.663	0.068
0.796	0.049	0.096	0.059
0.048	0.014	0.889	0.049
0.054	0.047	0.855	0.044
0.844	0.065	0.050	0.041
0.910	0.036	0.036	0.018
0.120	0.059	0.768	0.053
0.059	0.777	0.109	0.055
>RGCCMCACCC	6-RGCCMCACCC	10.508368	-50.325737	0	T:505.0(9.43%),B:2710.6(6.02%),P:1e-21	Tpos:2982.4,Tstd:3391.1,Bpos:1581.8,Bstd:974.1,StrandBias:0.1,Multiplicity:1.19
0.452	0.016	0.335	0.196
0.190	0.250	0.559	0.001
0.001	0.663	0.228	0.108
0.001	0.997	0.001	0.001
0.561	0.437	0.001	0.001
0.001	0.997	0.001	0.001
0.509	0.009	0.239	0.243
0.001	0.997	0.001	0.001
0.001	0.997	0.001	0.001
0.001	0.997	0.001	0.001
>TAACCACAGA	7-TAACCACAGA	9.581344	-44.741453	0	T:701.0(13.09%),B:4170.0(9.27%),P:1e-19	Tpos:2672.8,Tstd:2868.2,Bpos:1602.3,Bstd:975.7,StrandBias:-0.1,Multiplicity:1.10
0.254	0.149	0.051	0.546
0.966	0.032	0.001	0.001
0.948	0.001	0.030	0.021
0.052	0.889	0.029	0.030
0.001	0.974	0.001	0.024
0.996	0.001	0.002	0.001
0.051	0.935	0.013	0.001
0.985	0.001	0.013	0.001
0.069	0.035	0.870	0.026
0.917	0.040	0.001	0.042
>ACAGCTGYTT	8-ACAGCTGYTT	8.714025	-43.821389	0	T:1127.0(21.05%),B:7343.8(16.32%),P:1e-19	Tpos:2805.2,Tstd:3366.7,Bpos:1631.3,Bstd:988.0,StrandBias:-0.0,Multiplicity:1.21
0.548	0.152	0.268	0.032
0.138	0.742	0.095	0.025
0.921	0.016	0.011	0.052
0.050	0.018	0.846	0.086
0.029	0.846	0.015	0.110
0.053	0.119	0.017	0.811
0.052	0.011	0.936	0.001
0.010	0.358	0.220	0.412
0.002	0.217	0.203	0.578
0.205	0.102	0.261	0.432
>DRYTTCCTBY	9-DRYTTCCTBY	8.092984	-42.461034	0	T:1003.0(18.73%),B:6439.7(14.31%),P:1e-18	Tpos:2884.8,Tstd:3463.7,Bpos:1639.2,Bstd:971.2,StrandBias:-0.1,Multiplicity:1.18
0.311	0.147	0.318	0.224
0.372	0.169	0.332	0.126
0.102	0.463	0.001	0.434
0.024	0.001	0.001	0.974
0.001	0.001	0.001	0.997
0.210	0.597	0.175	0.018
0.001	0.997	0.001	0.001
0.001	0.132	0.001	0.866
0.001	0.318	0.414	0.267
0.175	0.308	0.161	0.356
>AAVTGAAASY	10-AAVTGAAASY	8.747444	-40.101207	0	T:1006.0(18.79%),B:6518.0(14.49%),P:1e-17	Tpos:2676.1,Tstd:2820.6,Bpos:1592.9,Bstd:960.4,StrandBias:0.0,Multiplicity:1.22
0.932	0.001	0.046	0.021
0.671	0.076	0.078	0.175
0.279	0.335	0.386	0.001
0.197	0.147	0.001	0.655
0.108	0.138	0.586	0.168
0.926	0.047	0.026	0.001
0.872	0.113	0.001	0.014
0.646	0.013	0.141	0.200
0.001	0.563	0.435	0.001
0.141	0.329	0.123	0.408
>GCTTAGTAAC	11-GCTTAGTAAC	8.322811	-33.522611	0	T:857.0(16.00%),B:5555.5(12.35%),P:1e-14	Tpos:2666.5,Tstd:2978.9,Bpos:1594.5,Bstd:975.3,StrandBias:-0.1,Multiplicity:1.15
0.106	0.009	0.692	0.193
0.161	0.641	0.073	0.125
0.001	0.001	0.001	0.997
0.108	0.097	0.167	0.628
0.835	0.001	0.011	0.153
0.001	0.104	0.819	0.076
0.107	0.061	0.066	0.766
0.815	0.183	0.001	0.001
0.846	0.001	0.152	0.001
0.128	0.816	0.001	0.055
>GGGTGGGGTA	12-GGGTGGGGTA	10.003132	-29.153808	0	T:781.0(14.58%),B:5093.1(11.32%),P:1e-12	Tpos:3292.9,Tstd:3675.8,Bpos:1622.1,Bstd:962.8,StrandBias:-0.1,Multiplicity:1.30
0.073	0.020	0.897	0.010
0.019	0.050	0.872	0.059
0.033	0.040	0.908	0.019
0.081	0.047	0.043	0.829
0.046	0.054	0.850	0.050
0.082	0.022	0.752	0.144
0.086	0.025	0.868	0.021
0.063	0.061	0.821	0.055
0.088	0.159	0.171	0.582
0.626	0.135	0.087	0.152
>GTTTCCTYCB	13-GTTTCCTYCB	8.697731	-26.149373	0	T:1586.0(29.62%),B:11463.0(25.48%),P:1e-11	Tpos:2718.9,Tstd:3113.5,Bpos:1611.3,Bstd:980.7,StrandBias:0.2,Multiplicity:1.29
0.058	0.063	0.837	0.042
0.037	0.080	0.030	0.853
0.038	0.012	0.033	0.917
0.039	0.034	0.041	0.886
0.206	0.762	0.001	0.031
0.020	0.893	0.015	0.072
0.039	0.155	0.051	0.755
0.038	0.436	0.001	0.525
0.032	0.707	0.013	0.248
0.137	0.377	0.230	0.255
>AACGGGCTGT	14-AACGGGCTGT	8.244189	-22.900505	0	T:1214.0(22.67%),B:8628.4(19.18%),P:1e-9	Tpos:2851.3,Tstd:3169.4,Bpos:1613.1,Bstd:977.5,StrandBias:-0.1,Multiplicity:1.27
0.793	0.139	0.067	0.001
0.779	0.097	0.100	0.024
0.165	0.730	0.022	0.083
0.202	0.079	0.553	0.166
0.067	0.001	0.931	0.001
0.033	0.081	0.821	0.065
0.047	0.885	0.001	0.067
0.031	0.011	0.101	0.857
0.001	0.001	0.936	0.062
0.043	0.234	0.027	0.696
>GCAAACCGTT	15-GCAAACCGTT	7.409650	-20.760010	0	T:956.0(17.85%),B:6682.2(14.85%),P:1e-9	Tpos:2661.3,Tstd:3083.4,Bpos:1624.8,Bstd:971.7,StrandBias:0.0,Multiplicity:1.18
0.074	0.102	0.767	0.057
0.118	0.727	0.084	0.071
0.864	0.056	0.019	0.061
0.779	0.114	0.066	0.041
0.841	0.082	0.034	0.043
0.098	0.761	0.069	0.072
0.109	0.818	0.056	0.017
0.061	0.026	0.809	0.104
0.079	0.075	0.055	0.791
0.110	0.066	0.083	0.741
>GGGAATGTGT	16-GGGAATGTGT	8.989613	-20.210662	0	T:1111.0(20.75%),B:7916.6(17.60%),P:1e-8	Tpos:2936.7,Tstd:3506.7,Bpos:1629.4,Bstd:986.0,StrandBias:0.1,Multiplicity:1.22
0.087	0.010	0.619	0.284
0.001	0.024	0.903	0.072
0.072	0.056	0.787	0.085
0.931	0.001	0.067	0.001
0.933	0.065	0.001	0.001
0.053	0.080	0.175	0.692
0.001	0.001	0.801	0.197
0.001	0.001	0.062	0.936
0.001	0.034	0.588	0.377
0.001	0.136	0.143	0.720
>TTTCCYGGAA	17-TTTCCYGGAA	7.518583	-18.692026	0	T:1163.0(21.72%),B:8386.1(18.64%),P:1e-8	Tpos:2781.0,Tstd:3281.6,Bpos:1623.2,Bstd:969.4,StrandBias:-0.1,Multiplicity:1.23
0.082	0.176	0.156	0.586
0.025	0.127	0.118	0.730
0.115	0.142	0.084	0.659
0.072	0.678	0.080	0.170
0.172	0.709	0.001	0.118
0.261	0.412	0.058	0.268
0.269	0.032	0.563	0.136
0.126	0.054	0.729	0.091
0.612	0.192	0.146	0.050
0.720	0.049	0.158	0.073
>CKCCCCGGGG	18-CKCCCCGGGG	7.814091	-14.331302	0	T:692.0(12.92%),B:4859.6(10.80%),P:1e-6	Tpos:3471.0,Tstd:3694.3,Bpos:1641.6,Bstd:902.0,StrandBias:0.0,Multiplicity:1.41
0.148	0.415	0.253	0.185
0.153	0.207	0.374	0.266
0.001	0.641	0.290	0.068
0.001	0.919	0.022	0.058
0.001	0.997	0.001	0.001
0.249	0.487	0.001	0.264
0.126	0.209	0.555	0.110
0.155	0.092	0.621	0.132
0.078	0.001	0.920	0.001
0.268	0.227	0.497	0.008
>AACGAACGTT	19-AACGAACGTT	8.240379	-14.209706	0	T:326.0(6.09%),B:2083.3(4.63%),P:1e-6	Tpos:2707.8,Tstd:3660.5,Bpos:1618.0,Bstd:954.7,StrandBias:-0.0,Multiplicity:1.08
0.818	0.058	0.052	0.072
0.873	0.047	0.046	0.034
0.147	0.629	0.102	0.122
0.155	0.091	0.696	0.058
0.876	0.045	0.042	0.037
0.847	0.057	0.054	0.042
0.084	0.771	0.067	0.078
0.069	0.037	0.776	0.118
0.046	0.073	0.071	0.810
0.024	0.048	0.023	0.905
>AGGGAGGGGC	20-AGGGAGGGGC	10.240210	-13.470874	0	T:349.0(6.52%),B:2272.2(5.05%),P:1e-5	Tpos:3285.0,Tstd:3558.5,Bpos:1603.7,Bstd:939.2,StrandBias:0.3,Multiplicity:1.30
0.677	0.098	0.117	0.108
0.057	0.045	0.869	0.029
0.090	0.038	0.855	0.017
0.062	0.059	0.855	0.024
0.671	0.173	0.095	0.061
0.064	0.056	0.845	0.035
0.068	0.052	0.783	0.097
0.077	0.038	0.817	0.068
0.054	0.066	0.846	0.034
0.038	0.785	0.097	0.080
>DGCCCCGAGV	21-DGCCCCGAGV	8.543601	-12.672944	0	T:412.0(7.69%),B:2767.5(6.15%),P:1e-5	Tpos:3022.8,Tstd:3161.4,Bpos:1654.0,Bstd:907.9,StrandBias:0.3,Multiplicity:1.19
0.281	0.168	0.335	0.216
0.019	0.041	0.894	0.046
0.028	0.842	0.105	0.025
0.056	0.896	0.013	0.035
0.048	0.923	0.001	0.028
0.096	0.772	0.055	0.077
0.043	0.048	0.881	0.028
0.820	0.035	0.057	0.088
0.016	0.006	0.970	0.008
0.202	0.289	0.348	0.161
>GGCCCCGACG	22-GGCCCCGACG	9.129218	-12.415485	0	T:263.0(4.91%),B:1664.0(3.70%),P:1e-5	Tpos:3722.4,Tstd:4292.4,Bpos:1684.8,Bstd:819.2,StrandBias:-0.3,Multiplicity:1.16
0.054	0.041	0.859	0.046
0.049	0.070	0.840	0.041
0.035	0.854	0.070	0.041
0.049	0.843	0.055	0.053
0.054	0.821	0.056	0.069
0.073	0.723	0.121	0.083
0.043	0.101	0.806	0.050
0.718	0.137	0.091	0.054
0.064	0.768	0.137	0.031
0.060	0.121	0.770	0.049
>MNGCCCTGNS	23-MNGCCCTGNS	6.887543	-11.782205	0	T:707.0(13.20%),B:5076.6(11.28%),P:1e-5	Tpos:3228.0,Tstd:3678.3,Bpos:1625.6,Bstd:982.3,StrandBias:-0.0,Multiplicity:1.34
0.295	0.421	0.232	0.052
0.310	0.182	0.300	0.208
0.049	0.304	0.474	0.172
0.001	0.595	0.118	0.286
0.011	0.639	0.033	0.317
0.041	0.953	0.001	0.005
0.149	0.115	0.043	0.693
0.001	0.229	0.654	0.116
0.269	0.300	0.222	0.209
0.095	0.371	0.342	0.191
>TCATGCGCGR	24-TCATGCGCGR	9.608948	-4.941520	0	T:8.0(0.15%),B:23.1(0.05%),P:1e-2	Tpos:1754.8,Tstd:1319.0,Bpos:1298.9,Bstd:800.4,StrandBias:1.7,Multiplicity:3.12
0.001	0.001	0.001	0.997
0.033	0.965	0.001	0.001
0.997	0.001	0.001	0.001
0.001	0.001	0.001	0.997
0.001	0.001	0.997	0.001
0.001	0.997	0.001	0.001
0.001	0.001	0.997	0.001
0.001	0.997	0.001	0.001
0.001	0.001	0.997	0.001
0.557	0.001	0.441	0.001
>GGCGTAGAGA	25-GGCGTAGAGA	8.314441	-4.767191	0	T:47.0(0.88%),B:271.3(0.60%),P:1e-2	Tpos:1530.7,Tstd:1863.5,Bpos:1557.6,Bstd:901.6,StrandBias:-1.3,Multiplicity:2.02
0.001	0.001	0.997	0.001
0.001	0.001	0.997	0.001
0.001	0.997	0.001	0.001
0.001	0.001	0.997	0.001
0.001	0.001	0.001	0.997
0.671	0.004	0.324	0.001
0.001	0.001	0.997	0.001
0.997	0.001	0.001	0.001
0.001	0.001	0.997	0.001
0.997	0.001	0.001	0.001
