>GATGAGTCAT	1-GATGAGTCAT	8.705093	-266.575972	0	T:1711.0(31.95%),B:8466.8(18.82%),P:1e-115	Tpos:2483.3,Tstd:2799.7,Bpos:1641.6,Bstd:975.9,StrandBias:-0.1,Multiplicity:1.32
0.200	0.167	0.481	0.152
0.597	0.189	0.151	0.063
0.011	0.020	0.009	0.960
0.028	0.009	0.875	0.088
0.958	0.014	0.005	0.023
0.078	0.210	0.645	0.067
0.014	0.012	0.005	0.969
0.052	0.927	0.006	0.015
0.960	0.015	0.015	0.010
0.029	0.177	0.165	0.629
>VTGAVTCANH	2-VTGAVTCANH	7.898258	-173.588784	0	T:2503.0(46.74%),B:15523.2(34.50%),P:1e-75	Tpos:2605.8,Tstd:2811.3,Bpos:1615.2,Bstd:981.4,StrandBias:-0.0,Multiplicity:1.34
0.321	0.230	0.300	0.149
0.001	0.001	0.001	0.997
0.001	0.001	0.614	0.384
0.974	0.001	0.001	0.024
0.255	0.387	0.297	0.061
0.017	0.001	0.001	0.981
0.378	0.620	0.001	0.001
0.997	0.001	0.001	0.001
0.195	0.261	0.263	0.281
0.312	0.353	0.001	0.334
>GYCACTTCCT	3-GYCACTTCCT	10.187223	-102.479957	0	T:1358.0(25.36%),B:7945.0(17.66%),P:1e-44	Tpos:2843.4,Tstd:3327.7,Bpos:1618.9,Bstd:991.5,StrandBias:-0.1,Multiplicity:1.23
0.158	0.241	0.480	0.121
0.001	0.409	0.198	0.392
0.001	0.997	0.001	0.001
0.997	0.001	0.001	0.001
0.001	0.612	0.001	0.386
0.001	0.001	0.001	0.997
0.001	0.124	0.001	0.874
0.001	0.997	0.001	0.001
0.001	0.997	0.001	0.001
0.001	0.196	0.001	0.802
>ACAGGAARTV	4-ACAGGAARTV	9.394133	-98.107051	0	T:813.0(15.18%),B:4174.4(9.28%),P:1e-42	Tpos:2739.3,Tstd:3210.4,Bpos:1639.8,Bstd:978.5,StrandBias:0.1,Multiplicity:1.15
0.613	0.057	0.233	0.097
0.217	0.644	0.138	0.001
0.787	0.076	0.136	0.001
0.001	0.001	0.997	0.001
0.001	0.001	0.881	0.117
0.948	0.001	0.001	0.050
0.876	0.080	0.001	0.043
0.541	0.001	0.457	0.001
0.001	0.380	0.080	0.539
0.231	0.246	0.380	0.143
>ACGAGGAAGC	5-ACGAGGAAGC	8.155781	-53.456362	0	T:1231.0(22.99%),B:7908.7(17.58%),P:1e-23	Tpos:2751.2,Tstd:3028.2,Bpos:1615.0,Bstd:973.8,StrandBias:-0.0,Multiplicity:1.21
0.799	0.118	0.051	0.032
0.119	0.702	0.069	0.110
0.143	0.126	0.663	0.068
0.796	0.049	0.096	0.059
0.048	0.014	0.889	0.049
0.054	0.047	0.855	0.044
0.844	0.065	0.050	0.041
0.910	0.036	0.036	0.018
0.120	0.059	0.768	0.053
0.059	0.777	0.109	0.055
>RGCCMCACCC	6-RGCCMCACCC	10.508368	-50.325737	0	T:505.0(9.43%),B:2710.6(6.02%),P:1e-21	Tpos:2982.4,Tstd:3391.1,Bpos:1581.8,Bstd:974.1,StrandBias:0.1,Multiplicity:1.19
0.452	0.016	0.335	0.196
0.190	0.250	0.559	0.001
0.001	0.663	0.228	0.108
0.001	0.997	0.001	0.001
0.561	0.437	0.001	0.001
0.001	0.997	0.001	0.001
0.509	0.009	0.239	0.243
0.001	0.997	0.001	0.001
0.001	0.997	0.001	0.001
0.001	0.997	0.001	0.001
>TAACCACAGA	7-TAACCACAGA	9.581344	-44.741453	0	T:701.0(13.09%),B:4170.0(9.27%),P:1e-19	Tpos:2672.8,Tstd:2868.2,Bpos:1602.3,Bstd:975.7,StrandBias:-0.1,Multiplicity:1.10
0.254	0.149	0.051	0.546
0.966	0.032	0.001	0.001
0.948	0.001	0.030	0.021
0.052	0.889	0.029	0.030
0.001	0.974	0.001	0.024
0.996	0.001	0.002	0.001
0.051	0.935	0.013	0.001
0.985	0.001	0.013	0.001
0.069	0.035	0.870	0.026
0.917	0.040	0.001	0.042
>ACAGCTGYTT	8-ACAGCTGYTT	8.714025	-43.821389	0	T:1127.0(21.05%),B:7343.8(16.32%),P:1e-19	Tpos:2805.2,Tstd:3366.7,Bpos:1631.3,Bstd:988.0,StrandBias:-0.0,Multiplicity:1.21
0.548	0.152	0.268	0.032
0.138	0.742	0.095	0.025
0.921	0.016	0.011	0.052
0.050	0.018	0.846	0.086
0.029	0.846	0.015	0.110
0.053	0.119	0.017	0.811
0.052	0.011	0.936	0.001
0.010	0.358	0.220	0.412
0.002	0.217	0.203	0.578
0.205	0.102	0.261	0.432
>DRYTTCCTBY	9-DRYTTCCTBY	8.092984	-42.461034	0	T:1003.0(18.73%),B:6439.7(14.31%),P:1e-18	Tpos:2884.8,Tstd:3463.7,Bpos:1639.2,Bstd:971.2,StrandBias:-0.1,Multiplicity:1.18
0.311	0.147	0.318	0.224
0.372	0.169	0.332	0.126
0.102	0.463	0.001	0.434
0.024	0.001	0.001	0.974
0.001	0.001	0.001	0.997
0.210	0.597	0.175	0.018
0.001	0.997	0.001	0.001
0.001	0.132	0.001	0.866
0.001	0.318	0.414	0.267
0.175	0.308	0.161	0.356
>AAVTGAAASY	10-AAVTGAAASY	8.747444	-40.101207	0	T:1006.0(18.79%),B:6518.0(14.49%),P:1e-17	Tpos:2676.1,Tstd:2820.6,Bpos:1592.9,Bstd:960.4,StrandBias:0.0,Multiplicity:1.22
0.932	0.001	0.046	0.021
0.671	0.076	0.078	0.175
0.279	0.335	0.386	0.001
0.197	0.147	0.001	0.655
0.108	0.138	0.586	0.168
0.926	0.047	0.026	0.001
0.872	0.113	0.001	0.014
0.646	0.013	0.141	0.200
0.001	0.563	0.435	0.001
0.141	0.329	0.123	0.408
>GCTTAGTAAC	11-GCTTAGTAAC	8.322811	-33.522611	0	T:857.0(16.00%),B:5555.5(12.35%),P:1e-14	Tpos:2666.5,Tstd:2978.9,Bpos:1594.5,Bstd:975.3,StrandBias:-0.1,Multiplicity:1.15
0.106	0.009	0.692	0.193
0.161	0.641	0.073	0.125
0.001	0.001	0.001	0.997
0.108	0.097	0.167	0.628
0.835	0.001	0.011	0.153
0.001	0.104	0.819	0.076
0.107	0.061	0.066	0.766
0.815	0.183	0.001	0.001
0.846	0.001	0.152	0.001
0.128	0.816	0.001	0.055
>GGGTGGGGTA	12-GGGTGGGGTA	10.003132	-29.153808	0	T:781.0(14.58%),B:5093.1(11.32%),P:1e-12	Tpos:3292.9,Tstd:3675.8,Bpos:1622.1,Bstd:962.8,StrandBias:-0.1,Multiplicity:1.30
0.073	0.020	0.897	0.010
0.019	0.050	0.872	0.059
0.033	0.040	0.908	0.019
0.081	0.047	0.043	0.829
0.046	0.054	0.850	0.050
0.082	0.022	0.752	0.144
0.086	0.025	0.868	0.021
0.063	0.061	0.821	0.055
0.088	0.159	0.171	0.582
0.626	0.135	0.087	0.152
>GTTTCCTYCB	13-GTTTCCTYCB	8.697731	-26.149373	0	T:1586.0(29.62%),B:11463.0(25.48%),P:1e-11	Tpos:2718.9,Tstd:3113.5,Bpos:1611.3,Bstd:980.7,StrandBias:0.2,Multiplicity:1.29
0.058	0.063	0.837	0.042
0.037	0.080	0.030	0.853
0.038	0.012	0.033	0.917
0.039	0.034	0.041	0.886
0.206	0.762	0.001	0.031
0.020	0.893	0.015	0.072
0.039	0.155	0.051	0.755
0.038	0.436	0.001	0.525
0.032	0.707	0.013	0.248
0.137	0.377	0.230	0.255
>AACGGGCTGT	14-AACGGGCTGT	8.244189	-22.900505	0	T:1214.0(22.67%),B:8628.4(19.18%),P:1e-9	Tpos:2851.3,Tstd:3169.4,Bpos:1613.1,Bstd:977.5,StrandBias:-0.1,Multiplicity:1.27
0.793	0.139	0.067	0.001
0.779	0.097	0.100	0.024
0.165	0.730	0.022	0.083
0.202	0.079	0.553	0.166
0.067	0.001	0.931	0.001
0.033	0.081	0.821	0.065
0.047	0.885	0.001	0.067
0.031	0.011	0.101	0.857
0.001	0.001	0.936	0.062
0.043	0.234	0.027	0.696
>GCAAACCGTT	15-GCAAACCGTT	7.409650	-20.760010	0	T:956.0(17.85%),B:6682.2(14.85%),P:1e-9	Tpos:2661.3,Tstd:3083.4,Bpos:1624.8,Bstd:971.7,StrandBias:0.0,Multiplicity:1.18
0.074	0.102	0.767	0.057
0.118	0.727	0.084	0.071
0.864	0.056	0.019	0.061
0.779	0.114	0.066	0.041
0.841	0.082	0.034	0.043
0.098	0.761	0.069	0.072
0.109	0.818	0.056	0.017
0.061	0.026	0.809	0.104
0.079	0.075	0.055	0.791
0.110	0.066	0.083	0.741
>GGGAATGTGT	16-GGGAATGTGT	8.989613	-20.210662	0	T:1111.0(20.75%),B:7916.6(17.60%),P:1e-8	Tpos:2936.7,Tstd:3506.7,Bpos:1629.4,Bstd:986.0,StrandBias:0.1,Multiplicity:1.22
0.087	0.010	0.619	0.284
0.001	0.024	0.903	0.072
0.072	0.056	0.787	0.085
0.931	0.001	0.067	0.001
0.933	0.065	0.001	0.001
0.053	0.080	0.175	0.692
0.001	0.001	0.801	0.197
0.001	0.001	0.062	0.936
0.001	0.034	0.588	0.377
0.001	0.136	0.143	0.720
>TTTCCYGGAA	17-TTTCCYGGAA	7.518583	-18.692026	0	T:1163.0(21.72%),B:8386.1(18.64%),P:1e-8	Tpos:2781.0,Tstd:3281.6,Bpos:1623.2,Bstd:969.4,StrandBias:-0.1,Multiplicity:1.23
0.082	0.176	0.156	0.586
0.025	0.127	0.118	0.730
0.115	0.142	0.084	0.659
0.072	0.678	0.080	0.170
0.172	0.709	0.001	0.118
0.261	0.412	0.058	0.268
0.269	0.032	0.563	0.136
0.126	0.054	0.729	0.091
0.612	0.192	0.146	0.050
0.720	0.049	0.158	0.073
>CKCCCCGGGG	18-CKCCCCGGGG	7.814091	-14.331302	0	T:692.0(12.92%),B:4859.6(10.80%),P:1e-6	Tpos:3471.0,Tstd:3694.3,Bpos:1641.6,Bstd:902.0,StrandBias:0.0,Multiplicity:1.41
0.148	0.415	0.253	0.185
0.153	0.207	0.374	0.266
0.001	0.641	0.290	0.068
0.001	0.919	0.022	0.058
0.001	0.997	0.001	0.001
0.249	0.487	0.001	0.264
0.126	0.209	0.555	0.110
0.155	0.092	0.621	0.132
0.078	0.001	0.920	0.001
0.268	0.227	0.497	0.008
>AACGAACGTT	19-AACGAACGTT	8.240379	-14.209706	0	T:326.0(6.09%),B:2083.3(4.63%),P:1e-6	Tpos:2707.8,Tstd:3660.5,Bpos:1618.0,Bstd:954.7,StrandBias:-0.0,Multiplicity:1.08
0.818	0.058	0.052	0.072
0.873	0.047	0.046	0.034
0.147	0.629	0.102	0.122
0.155	0.091	0.696	0.058
0.876	0.045	0.042	0.037
0.847	0.057	0.054	0.042
0.084	0.771	0.067	0.078
0.069	0.037	0.776	0.118
0.046	0.073	0.071	0.810
0.024	0.048	0.023	0.905
>AGGGAGGGGC	20-AGGGAGGGGC	10.240210	-13.470874	0	T:349.0(6.52%),B:2272.2(5.05%),P:1e-5	Tpos:3285.0,Tstd:3558.5,Bpos:1603.7,Bstd:939.2,StrandBias:0.3,Multiplicity:1.30
0.677	0.098	0.117	0.108
0.057	0.045	0.869	0.029
0.090	0.038	0.855	0.017
0.062	0.059	0.855	0.024
0.671	0.173	0.095	0.061
0.064	0.056	0.845	0.035
0.068	0.052	0.783	0.097
0.077	0.038	0.817	0.068
0.054	0.066	0.846	0.034
0.038	0.785	0.097	0.080
>DGCCCCGAGV	21-DGCCCCGAGV	8.543601	-12.672944	0	T:412.0(7.69%),B:2767.5(6.15%),P:1e-5	Tpos:3022.8,Tstd:3161.4,Bpos:1654.0,Bstd:907.9,StrandBias:0.3,Multiplicity:1.19
0.281	0.168	0.335	0.216
0.019	0.041	0.894	0.046
0.028	0.842	0.105	0.025
0.056	0.896	0.013	0.035
0.048	0.923	0.001	0.028
0.096	0.772	0.055	0.077
0.043	0.048	0.881	0.028
0.820	0.035	0.057	0.088
0.016	0.006	0.970	0.008
0.202	0.289	0.348	0.161
>GGCCCCGACG	22-GGCCCCGACG	9.129218	-12.415485	0	T:263.0(4.91%),B:1664.0(3.70%),P:1e-5	Tpos:3722.4,Tstd:4292.4,Bpos:1684.8,Bstd:819.2,StrandBias:-0.3,Multiplicity:1.16
0.054	0.041	0.859	0.046
0.049	0.070	0.840	0.041
0.035	0.854	0.070	0.041
0.049	0.843	0.055	0.053
0.054	0.821	0.056	0.069
0.073	0.723	0.121	0.083
0.043	0.101	0.806	0.050
0.718	0.137	0.091	0.054
0.064	0.768	0.137	0.031
0.060	0.121	0.770	0.049
>MNGCCCTGNS	23-MNGCCCTGNS	6.887543	-11.782205	0	T:707.0(13.20%),B:5076.6(11.28%),P:1e-5	Tpos:3228.0,Tstd:3678.3,Bpos:1625.6,Bstd:982.3,StrandBias:-0.0,Multiplicity:1.34
0.295	0.421	0.232	0.052
0.310	0.182	0.300	0.208
0.049	0.304	0.474	0.172
0.001	0.595	0.118	0.286
0.011	0.639	0.033	0.317
0.041	0.953	0.001	0.005
0.149	0.115	0.043	0.693
0.001	0.229	0.654	0.116
0.269	0.300	0.222	0.209
0.095	0.371	0.342	0.191
>TCATGCGCGR	24-TCATGCGCGR	9.608948	-4.941520	0	T:8.0(0.15%),B:23.1(0.05%),P:1e-2	Tpos:1754.8,Tstd:1319.0,Bpos:1298.9,Bstd:800.4,StrandBias:1.7,Multiplicity:3.12
0.001	0.001	0.001	0.997
0.033	0.965	0.001	0.001
0.997	0.001	0.001	0.001
0.001	0.001	0.001	0.997
0.001	0.001	0.997	0.001
0.001	0.997	0.001	0.001
0.001	0.001	0.997	0.001
0.001	0.997	0.001	0.001
0.001	0.001	0.997	0.001
0.557	0.001	0.441	0.001
>GGCGTAGAGA	25-GGCGTAGAGA	8.314441	-4.767191	0	T:47.0(0.88%),B:271.3(0.60%),P:1e-2	Tpos:1530.7,Tstd:1863.5,Bpos:1557.6,Bstd:901.6,StrandBias:-1.3,Multiplicity:2.02
0.001	0.001	0.997	0.001
0.001	0.001	0.997	0.001
0.001	0.997	0.001	0.001
0.001	0.001	0.997	0.001
0.001	0.001	0.001	0.997
0.671	0.004	0.324	0.001
0.001	0.001	0.997	0.001
0.997	0.001	0.001	0.001
0.001	0.001	0.997	0.001
0.997	0.001	0.001	0.001
>TGASTCATYHHH	1-TGASTCATYHHH	9.224010	-185.407005	0	T:1816.0(33.91%),B:10118.0(22.49%),P:1e-80	Tpos:2534.9,Tstd:2858.8,Bpos:1627.8,Bstd:982.4,StrandBias:-0.1,Multiplicity:1.67
0.001	0.001	0.001	0.997
0.001	0.001	0.997	0.001
0.997	0.001	0.001	0.001
0.060	0.411	0.494	0.035
0.001	0.001	0.001	0.997
0.001	0.997	0.001	0.001
0.997	0.001	0.001	0.001
0.001	0.230	0.274	0.495
0.107	0.374	0.180	0.340
0.306	0.193	0.162	0.339
0.271	0.339	0.145	0.245
0.200	0.307	0.169	0.324
>TCACTTCCTGTT	2-TCACTTCCTGTT	9.529904	-119.860414	0	T:1564.0(29.21%),B:9184.1(20.41%),P:1e-52	Tpos:2652.4,Tstd:3122.7,Bpos:1609.1,Bstd:985.0,StrandBias:-0.1,Multiplicity:1.31
0.076	0.288	0.103	0.533
0.075	0.722	0.075	0.128
0.832	0.087	0.046	0.035
0.021	0.606	0.072	0.301
0.034	0.010	0.001	0.955
0.006	0.001	0.013	0.980
0.046	0.895	0.033	0.026
0.001	0.991	0.006	0.002
0.002	0.065	0.018	0.915
0.052	0.340	0.530	0.078
0.152	0.127	0.022	0.699
0.058	0.118	0.166	0.658
>CGGTTTCCTGTG	3-CGGTTTCCTGTG	9.650659	-59.719448	0	T:850.0(15.87%),B:4974.6(11.06%),P:1e-25	Tpos:2576.0,Tstd:3025.2,Bpos:1609.5,Bstd:984.0,StrandBias:-0.0,Multiplicity:1.14
0.104	0.678	0.096	0.122
0.185	0.055	0.604	0.156
0.057	0.033	0.844	0.066
0.085	0.093	0.058	0.764
0.125	0.031	0.015	0.829
0.034	0.001	0.046	0.919
0.001	0.914	0.032	0.053
0.001	0.989	0.001	0.009
0.016	0.001	0.001	0.982
0.001	0.105	0.765	0.129
0.050	0.001	0.077	0.872
0.013	0.071	0.854	0.062
>GGGTGKGGCCNS	4-GGGTGKGGCCNS	10.067459	-46.098868	0	T:974.0(18.19%),B:6141.5(13.65%),P:1e-20	Tpos:3196.8,Tstd:3551.2,Bpos:1606.5,Bstd:975.4,StrandBias:-0.0,Multiplicity:1.32
0.123	0.001	0.875	0.001
0.001	0.001	0.997	0.001
0.012	0.054	0.933	0.001
0.299	0.011	0.001	0.689
0.001	0.001	0.997	0.001
0.077	0.001	0.489	0.433
0.009	0.001	0.942	0.048
0.055	0.206	0.639	0.100
0.130	0.507	0.087	0.276
0.214	0.456	0.043	0.286
0.275	0.164	0.304	0.257
0.001	0.374	0.514	0.111
>CTTTCCTGGAAA	5-CTTTCCTGGAAA	9.288954	-40.754467	0	T:1301.0(24.30%),B:8754.8(19.46%),P:1e-17	Tpos:2647.6,Tstd:3091.5,Bpos:1609.0,Bstd:983.9,StrandBias:-0.1,Multiplicity:1.24
0.084	0.797	0.047	0.072
0.036	0.083	0.041	0.840
0.033	0.087	0.051	0.829
0.040	0.067	0.056	0.837
0.039	0.815	0.051	0.095
0.054	0.861	0.029	0.056
0.068	0.037	0.040	0.855
0.032	0.044	0.858	0.066
0.079	0.044	0.803	0.074
0.791	0.064	0.086	0.059
0.861	0.033	0.077	0.029
0.855	0.043	0.058	0.044
>CAGCTGYTNYYK	6-CAGCTGYTNYYK	8.637525	-37.988927	0	T:1105.0(20.63%),B:7321.7(16.27%),P:1e-16	Tpos:2746.0,Tstd:3229.3,Bpos:1622.8,Bstd:978.1,StrandBias:0.0,Multiplicity:1.25
0.178	0.475	0.165	0.182
0.712	0.005	0.008	0.275
0.008	0.002	0.976	0.014
0.245	0.686	0.006	0.063
0.311	0.008	0.065	0.616
0.011	0.011	0.966	0.012
0.013	0.495	0.010	0.482
0.186	0.211	0.014	0.589
0.245	0.187	0.238	0.330
0.011	0.536	0.019	0.434
0.210	0.334	0.015	0.441
0.138	0.192	0.294	0.377
>AAGTTTCACTTC	7-AAGTTTCACTTC	9.807268	-27.070247	0	T:344.0(6.42%),B:1957.0(4.35%),P:1e-11	Tpos:2579.8,Tstd:2776.3,Bpos:1655.1,Bstd:956.5,StrandBias:-0.3,Multiplicity:1.10
0.814	0.083	0.052	0.051
0.879	0.032	0.045	0.044
0.089	0.079	0.774	0.058
0.047	0.043	0.048	0.862
0.065	0.058	0.049	0.828
0.040	0.046	0.035	0.879
0.114	0.809	0.029	0.048
0.866	0.052	0.030	0.052
0.054	0.807	0.087	0.052
0.047	0.059	0.042	0.852
0.032	0.043	0.064	0.861
0.066	0.770	0.059	0.105
>SCGGCCCCGCCC	8-SCGGCCCCGCCC	7.723598	-25.940734	0	T:710.0(13.26%),B:4642.8(10.32%),P:1e-11	Tpos:3336.1,Tstd:3703.8,Bpos:1638.2,Bstd:813.6,StrandBias:0.2,Multiplicity:1.77
0.205	0.390	0.265	0.140
0.206	0.468	0.138	0.187
0.218	0.204	0.422	0.156
0.101	0.268	0.512	0.119
0.062	0.685	0.146	0.107
0.052	0.730	0.087	0.131
0.149	0.655	0.064	0.132
0.176	0.489	0.121	0.214
0.189	0.148	0.443	0.219
0.084	0.601	0.189	0.126
0.080	0.713	0.088	0.119
0.097	0.510	0.133	0.260
>AAGCTTCCTCTT	9-AAGCTTCCTCTT	9.569164	-25.347777	0	T:808.0(15.09%),B:5399.2(12.00%),P:1e-11	Tpos:2890.5,Tstd:3196.7,Bpos:1624.6,Bstd:990.6,StrandBias:0.0,Multiplicity:1.13
0.683	0.156	0.100	0.061
0.743	0.041	0.109	0.107
0.110	0.104	0.679	0.107
0.055	0.787	0.027	0.131
0.012	0.067	0.001	0.920
0.029	0.059	0.129	0.783
0.074	0.745	0.101	0.080
0.066	0.858	0.025	0.051
0.072	0.124	0.006	0.798
0.019	0.639	0.156	0.186
0.041	0.151	0.050	0.758
0.066	0.146	0.178	0.610
>TGACACGTCCTG	10-TGACACGTCCTG	2.670105	-17.280508	0	T:962.0(17.96%),B:6857.0(15.24%),P:1e-7	Tpos:2869.7,Tstd:3338.4,Bpos:1617.7,Bstd:998.1,StrandBias:0.1,Multiplicity:1.23
0.001	0.001	0.001	0.997
0.001	0.001	0.997	0.001
0.997	0.001	0.001	0.001
0.001	0.997	0.001	0.001
0.939	0.001	0.059	0.001
0.001	0.997	0.001	0.001
0.001	0.001	0.997	0.001
0.001	0.001	0.001	0.997
0.001	0.997	0.001	0.001
0.001	0.997	0.001	0.001
0.001	0.001	0.059	0.939
0.001	0.001	0.997	0.001
>GGGAAGGGCTGT	11-GGGAAGGGCTGT	9.119649	-17.033303	0	T:1502.0(28.05%),B:11171.1(24.83%),P:1e-7	Tpos:2939.2,Tstd:3228.6,Bpos:1615.0,Bstd:986.2,StrandBias:0.1,Multiplicity:1.45
0.095	0.029	0.823	0.053
0.069	0.003	0.847	0.081
0.099	0.021	0.795	0.085
0.827	0.081	0.057	0.035
0.855	0.031	0.077	0.037
0.057	0.025	0.795	0.123
0.064	0.037	0.844	0.055
0.021	0.024	0.908	0.047
0.048	0.747	0.186	0.019
0.080	0.036	0.033	0.851
0.028	0.049	0.884	0.039
0.062	0.064	0.046	0.828
>AAGCTTGCTTTC	12-AAGCTTGCTTTC	8.839964	-12.291008	0	T:1139.0(21.27%),B:8483.2(18.85%),P:1e-5	Tpos:2741.5,Tstd:3138.8,Bpos:1619.2,Bstd:981.1,StrandBias:0.1,Multiplicity:1.23
0.746	0.090	0.088	0.076
0.762	0.067	0.085	0.086
0.083	0.088	0.752	0.077
0.085	0.729	0.078	0.108
0.082	0.093	0.067	0.758
0.092	0.069	0.086	0.753
0.081	0.110	0.713	0.096
0.073	0.742	0.095	0.090
0.067	0.079	0.057	0.797
0.069	0.084	0.089	0.758
0.084	0.086	0.062	0.768
0.078	0.724	0.102	0.096
>GWMAGTTYCTSG	13-GWMAGTTYCTSG	8.671855	-11.183893	0	T:572.0(10.68%),B:4046.3(8.99%),P:1e-4	Tpos:2695.0,Tstd:2856.1,Bpos:1628.6,Bstd:964.4,StrandBias:0.1,Multiplicity:1.07
0.175	0.138	0.508	0.179
0.427	0.001	0.112	0.460
0.552	0.446	0.001	0.001
0.995	0.001	0.003	0.001
0.001	0.358	0.640	0.001
0.001	0.059	0.001	0.939
0.387	0.001	0.001	0.611
0.010	0.448	0.025	0.517
0.194	0.473	0.136	0.197
0.001	0.012	0.308	0.679
0.111	0.379	0.449	0.061
0.236	0.120	0.464	0.180
>GGCTGACACCGT	14-GGCTGACACCGT	13.702323	-11.141382	0	T:17.0(0.32%),B:41.7(0.09%),P:1e-4	Tpos:2326.7,Tstd:3305.4,Bpos:1566.1,Bstd:945.6,StrandBias:2.6,Multiplicity:3.76
0.001	0.001	0.997	0.001
0.001	0.001	0.997	0.001
0.001	0.997	0.001	0.001
0.001	0.417	0.001	0.581
0.001	0.001	0.581	0.417
0.997	0.001	0.001	0.001
0.001	0.997	0.001	0.001
0.997	0.001	0.001	0.001
0.001	0.997	0.001	0.001
0.001	0.997	0.001	0.001
0.001	0.162	0.836	0.001
0.001	0.001	0.001	0.997
>NTAACACAGCTN	15-NTAACACAGCTN	7.829842	-10.368729	0	T:511.0(9.54%),B:3604.0(8.01%),P:1e-4	Tpos:2683.8,Tstd:2955.7,Bpos:1680.6,Bstd:980.9,StrandBias:0.0,Multiplicity:1.11
0.230	0.220	0.237	0.314
0.144	0.120	0.122	0.614
0.620	0.130	0.125	0.125
0.635	0.121	0.122	0.122
0.139	0.621	0.126	0.114
0.656	0.122	0.102	0.120
0.129	0.632	0.123	0.116
0.674	0.092	0.101	0.133
0.119	0.118	0.640	0.123
0.123	0.628	0.120	0.129
0.129	0.124	0.098	0.649
0.215	0.234	0.235	0.317
>ACTCGBCGCTKK	16-ACTCGBCGCTKK	7.464004	-9.164272	0	T:347.0(6.48%),B:2385.2(5.30%),P:1e-3	Tpos:2940.2,Tstd:3067.8,Bpos:1647.3,Bstd:910.7,StrandBias:-0.1,Multiplicity:1.06
0.532	0.125	0.005	0.338
0.265	0.487	0.043	0.205
0.336	0.001	0.001	0.662
0.321	0.573	0.001	0.105
0.105	0.114	0.602	0.179
0.001	0.342	0.314	0.343
0.001	0.997	0.001	0.001
0.001	0.001	0.997	0.001
0.103	0.414	0.234	0.249
0.089	0.125	0.001	0.785
0.116	0.234	0.396	0.253
0.140	0.111	0.312	0.437
>GCAGAGGGTTAG	17-GCAGAGGGTTAG	10.409522	-5.909613	0	T:117.0(2.18%),B:751.6(1.67%),P:1e-2	Tpos:3099.6,Tstd:3153.9,Bpos:1599.4,Bstd:969.7,StrandBias:-0.6,Multiplicity:1.26
0.100	0.100	0.700	0.100
0.100	0.700	0.100	0.100
0.700	0.100	0.100	0.100
0.100	0.100	0.700	0.100
0.700	0.100	0.100	0.100
0.100	0.100	0.700	0.100
0.100	0.100	0.700	0.100
0.100	0.100	0.700	0.100
0.100	0.100	0.100	0.700
0.100	0.100	0.100	0.700
0.700	0.100	0.100	0.100
0.100	0.100	0.700	0.100
>AGGGGTAGCCGG	18-AGGGGTAGCCGG	12.355432	-5.029165	0	T:2.0(0.04%),B:0.9(0.00%),P:1e-2	Tpos:1727.9,Tstd:212.1,Bpos:1907.0,Bstd:0.0,StrandBias:3.6,Multiplicity:6.50
0.700	0.100	0.100	0.100
0.100	0.100	0.700	0.100
0.100	0.100	0.700	0.100
0.100	0.100	0.700	0.100
0.100	0.100	0.700	0.100
0.100	0.100	0.100	0.700
0.700	0.100	0.100	0.100
0.100	0.100	0.700	0.100
0.100	0.700	0.100	0.100
0.100	0.700	0.100	0.100
0.100	0.100	0.700	0.100
0.100	0.100	0.700	0.100
>CTGGGGTAGAAG	19-CTGGGGTAGAAG	9.694726	-4.358694	0	T:33.0(0.62%),B:181.5(0.40%),P:1e-1	Tpos:1480.9,Tstd:2224.1,Bpos:1501.3,Bstd:983.2,StrandBias:2.7,Multiplicity:2.21
0.001	0.997	0.001	0.001
0.001	0.001	0.001	0.997
0.001	0.001	0.997	0.001
0.001	0.001	0.997	0.001
0.001	0.001	0.997	0.001
0.001	0.001	0.997	0.001
0.001	0.001	0.001	0.997
0.969	0.029	0.001	0.001
0.001	0.001	0.997	0.001
0.997	0.001	0.001	0.001
0.997	0.001	0.001	0.001
0.001	0.001	0.997	0.001
>GAGAGGCGTGGA	20-GAGAGGCGTGGA	9.694726	-2.988496	0	T:6.0(0.11%),B:22.6(0.05%),P:1e-1	Tpos:1056.1,Tstd:1363.1,Bpos:1352.3,Bstd:1138.2,StrandBias:-3.9,Multiplicity:8.17
0.001	0.001	0.997	0.001
0.997	0.001	0.001	0.001
0.001	0.001	0.997	0.001
0.997	0.001	0.001	0.001
0.001	0.001	0.997	0.001
0.001	0.001	0.997	0.001
0.001	0.997	0.001	0.001
0.001	0.001	0.997	0.001
0.001	0.001	0.001	0.997
0.084	0.001	0.914	0.001
0.001	0.001	0.997	0.001
0.997	0.001	0.001	0.001
>ATCTAAGGCATC	21-ATCTAAGGCATC	12.355432	-2.987383	0	T:2.0(0.04%),B:3.3(0.01%),P:1e-1	Tpos:2032.0,Tstd:751.9,Bpos:1416.1,Bstd:653.3,StrandBias:-2.8,Multiplicity:8.00
0.700	0.100	0.100	0.100
0.100	0.100	0.100	0.700
0.100	0.700	0.100	0.100
0.100	0.100	0.100	0.700
0.700	0.100	0.100	0.100
0.700	0.100	0.100	0.100
0.100	0.100	0.700	0.100
0.100	0.100	0.700	0.100
0.100	0.700	0.100	0.100
0.700	0.100	0.100	0.100
0.100	0.100	0.100	0.700
0.100	0.700	0.100	0.100
>GAGCGACGGGGG	22-GAGCGACGGGGG	8.463612	-2.637230	0	T:758.0(14.15%),B:6056.7(13.46%),P:1e-1	Tpos:3487.8,Tstd:3914.2,Bpos:1637.5,Bstd:903.9,StrandBias:0.1,Multiplicity:1.35
0.100	0.100	0.700	0.100
0.700	0.100	0.100	0.100
0.100	0.100	0.700	0.100
0.100	0.700	0.100	0.100
0.100	0.100	0.700	0.100
0.700	0.100	0.100	0.100
0.100	0.700	0.100	0.100
0.100	0.100	0.700	0.100
0.100	0.100	0.700	0.100
0.100	0.100	0.700	0.100
0.100	0.100	0.700	0.100
0.100	0.100	0.700	0.100
>CGGCCCAGGTCA	23-CGGCCCAGGTCA	10.409522	-2.495680	0	T:95.0(1.77%),B:688.4(1.53%),P:1e-1	Tpos:2515.4,Tstd:2568.5,Bpos:1658.1,Bstd:906.2,StrandBias:0.4,Multiplicity:1.29
0.100	0.700	0.100	0.100
0.100	0.100	0.700	0.100
0.100	0.100	0.700	0.100
0.100	0.700	0.100	0.100
0.100	0.700	0.100	0.100
0.100	0.700	0.100	0.100
0.700	0.100	0.100	0.100
0.100	0.100	0.700	0.100
0.100	0.100	0.700	0.100
0.100	0.100	0.100	0.700
0.100	0.700	0.100	0.100
0.700	0.100	0.100	0.100
>GGGAGCGGCTAC	24-GGGAGCGGCTAC	8.463612	-2.344258	0	T:749.0(13.99%),B:6015.8(13.37%),P:1e-1	Tpos:3235.6,Tstd:3432.1,Bpos:1620.9,Bstd:937.2,StrandBias:0.0,Multiplicity:1.30
0.100	0.100	0.700	0.100
0.100	0.100	0.700	0.100
0.100	0.100	0.700	0.100
0.700	0.100	0.100	0.100
0.100	0.100	0.700	0.100
0.100	0.700	0.100	0.100
0.100	0.100	0.700	0.100
0.100	0.100	0.700	0.100
0.100	0.700	0.100	0.100
0.100	0.100	0.100	0.700
0.700	0.100	0.100	0.100
0.100	0.700	0.100	0.100
>TAGCATAGCATA	25-TAGCATAGCATA	16.192767	-1.109732	0	T:3.0(0.06%),B:17.6(0.04%),P:1e0	Tpos:1397.1,Tstd:170.4,Bpos:2272.2,Bstd:721.6,StrandBias:-5.1,Multiplicity:4.67
0.001	0.001	0.001	0.997
0.997	0.001	0.001	0.001
0.001	0.001	0.997	0.001
0.001	0.759	0.239	0.001
0.997	0.001	0.001	0.001
0.001	0.001	0.001	0.997
0.997	0.001	0.001	0.001
0.001	0.001	0.997	0.001
0.001	0.872	0.126	0.001
0.997	0.001	0.001	0.001
0.001	0.001	0.001	0.997
0.997	0.001	0.001	0.001
>TGAGTCAT	1-TGAGTCAT	9.300958	-194.606265	0	T:1589.0(29.67%),B:8375.6(18.62%),P:1e-84	Tpos:2446.9,Tstd:2736.2,Bpos:1634.4,Bstd:979.5,StrandBias:-0.0,Multiplicity:1.32
0.001	0.001	0.001	0.997
0.001	0.001	0.997	0.001
0.997	0.001	0.001	0.001
0.001	0.270	0.728	0.001
0.001	0.001	0.001	0.997
0.001	0.997	0.001	0.001
0.997	0.001	0.001	0.001
0.001	0.202	0.167	0.630
>TGAVTCAK	2-TGAVTCAK	8.814859	-135.022741	0	T:2326.0(43.44%),B:14755.5(32.80%),P:1e-58	Tpos:2657.9,Tstd:3078.4,Bpos:1618.3,Bstd:988.4,StrandBias:-0.1,Multiplicity:1.27
0.001	0.001	0.001	0.997
0.001	0.001	0.997	0.001
0.997	0.001	0.001	0.001
0.245	0.214	0.358	0.183
0.001	0.001	0.001	0.997
0.001	0.997	0.001	0.001
0.997	0.001	0.001	0.001
0.001	0.227	0.345	0.427
>ATKACTMA	3-ATKACTMA	5.684040	-80.127194	0	T:2798.0(52.25%),B:19709.1(43.81%),P:1e-34	Tpos:2628.5,Tstd:2816.0,Bpos:1610.5,Bstd:967.4,StrandBias:0.0,Multiplicity:1.54
0.980	0.001	0.018	0.001
0.001	0.001	0.001	0.997
0.001	0.001	0.534	0.464
0.997	0.001	0.001	0.001
0.001	0.997	0.001	0.001
0.001	0.001	0.001	0.997
0.524	0.474	0.001	0.001
0.997	0.001	0.001	0.001
>CACTTCCT	4-CACTTCCT	10.288949	-68.824797	0	T:1530.0(28.57%),B:9847.2(21.89%),P:1e-29	Tpos:2799.0,Tstd:3308.0,Bpos:1607.2,Bstd:998.2,StrandBias:-0.0,Multiplicity:1.33
0.001	0.997	0.001	0.001
0.852	0.001	0.146	0.001
0.001	0.598	0.001	0.400
0.001	0.001	0.001	0.997
0.001	0.001	0.001	0.997
0.001	0.997	0.001	0.001
0.001	0.997	0.001	0.001
0.001	0.001	0.104	0.894
>AACAGCTG	5-AACAGCTG	10.326047	-48.130075	0	T:1029.0(19.22%),B:6507.1(14.46%),P:1e-20	Tpos:2696.2,Tstd:3180.3,Bpos:1626.6,Bstd:982.6,StrandBias:-0.0,Multiplicity:1.17
0.601	0.158	0.240	0.001
0.830	0.001	0.168	0.001
0.001	0.997	0.001	0.001
0.972	0.026	0.001	0.001
0.001	0.001	0.997	0.001
0.001	0.997	0.001	0.001
0.001	0.026	0.001	0.972
0.001	0.001	0.997	0.001
>AACAGGAA	6-AACAGGAA	10.416435	-45.653450	0	T:1367.0(25.53%),B:9135.6(20.30%),P:1e-19	Tpos:2727.0,Tstd:3007.9,Bpos:1614.9,Bstd:982.4,StrandBias:0.1,Multiplicity:1.27
0.661	0.209	0.129	0.001
0.997	0.001	0.001	0.001
0.001	0.839	0.159	0.001
0.933	0.022	0.044	0.001
0.001	0.001	0.997	0.001
0.001	0.001	0.997	0.001
0.997	0.001	0.001	0.001
0.997	0.001	0.001	0.001
>AGGGTGTG	7-AGGGTGTG	10.481328	-32.554967	0	T:1058.0(19.76%),B:7107.5(15.80%),P:1e-14	Tpos:2957.4,Tstd:3265.8,Bpos:1606.1,Bstd:985.5,StrandBias:-0.1,Multiplicity:1.29
0.767	0.001	0.231	0.001
0.001	0.001	0.997	0.001
0.001	0.001	0.997	0.001
0.001	0.001	0.997	0.001
0.143	0.134	0.001	0.722
0.001	0.001	0.997	0.001
0.001	0.001	0.001	0.997
0.001	0.001	0.997	0.001
>AACCACAG	8-AACCACAG	10.689493	-28.452856	0	T:1103.0(20.60%),B:7574.2(16.83%),P:1e-12	Tpos:2773.2,Tstd:3082.0,Bpos:1608.6,Bstd:986.4,StrandBias:0.1,Multiplicity:1.20
0.997	0.001	0.001	0.001
0.997	0.001	0.001	0.001
0.001	0.997	0.001	0.001
0.001	0.997	0.001	0.001
0.938	0.001	0.060	0.001
0.001	0.997	0.001	0.001
0.997	0.001	0.001	0.001
0.001	0.271	0.727	0.001
>CAGCTGTC	9-CAGCTGTC	10.272121	-27.875414	0	T:957.0(17.87%),B:6465.7(14.37%),P:1e-12	Tpos:2916.3,Tstd:3385.9,Bpos:1626.7,Bstd:989.4,StrandBias:-0.0,Multiplicity:1.17
0.001	0.914	0.084	0.001
0.924	0.001	0.001	0.074
0.001	0.001	0.997	0.001
0.072	0.926	0.001	0.001
0.001	0.046	0.001	0.952
0.001	0.146	0.852	0.001
0.060	0.148	0.001	0.791
0.001	0.882	0.116	0.001
>CGGAAACS	10-CGGAAACS	7.925097	-27.202480	0	T:911.0(17.01%),B:6132.6(13.63%),P:1e-11	Tpos:2817.7,Tstd:3272.9,Bpos:1617.3,Bstd:939.4,StrandBias:-0.0,Multiplicity:1.22
0.272	0.726	0.001	0.001
0.001	0.001	0.997	0.001
0.001	0.001	0.997	0.001
0.997	0.001	0.001	0.001
0.997	0.001	0.001	0.001
0.628	0.102	0.269	0.001
0.145	0.552	0.001	0.302
0.171	0.376	0.453	0.001
>CATTTCCT	11-CATTTCCT	10.449168	-23.036763	0	T:1550.0(28.94%),B:11296.5(25.11%),P:1e-10	Tpos:2836.1,Tstd:3302.1,Bpos:1636.0,Bstd:984.6,StrandBias:-0.1,Multiplicity:1.34
0.152	0.747	0.100	0.001
0.997	0.001	0.001	0.001
0.001	0.001	0.153	0.845
0.001	0.001	0.001	0.997
0.001	0.001	0.001	0.997
0.001	0.997	0.001	0.001
0.001	0.997	0.001	0.001
0.001	0.151	0.001	0.847
>GGGCGGGA	12-GGGCGGGA	9.708133	-22.789328	0	T:479.0(8.94%),B:3004.8(6.68%),P:1e-9	Tpos:3143.5,Tstd:3564.4,Bpos:1624.3,Bstd:836.1,StrandBias:0.0,Multiplicity:1.33
0.001	0.001	0.997	0.001
0.001	0.222	0.776	0.001
0.001	0.001	0.997	0.001
0.001	0.621	0.001	0.377
0.001	0.129	0.869	0.001
0.001	0.001	0.997	0.001
0.024	0.001	0.974	0.001
0.621	0.001	0.377	0.001
>GCCACRCC	13-GCCACRCC	8.850065	-21.688819	0	T:1075.0(20.07%),B:7580.0(16.85%),P:1e-9	Tpos:2788.0,Tstd:3074.2,Bpos:1610.1,Bstd:955.7,StrandBias:0.0,Multiplicity:1.31
0.051	0.115	0.638	0.196
0.067	0.873	0.001	0.059
0.170	0.828	0.001	0.001
0.875	0.001	0.123	0.001
0.001	0.875	0.123	0.001
0.342	0.001	0.489	0.168
0.001	0.884	0.114	0.001
0.001	0.997	0.001	0.001
>GGTGGGGC	14-GGTGGGGC	10.338102	-15.593060	0	T:1284.0(23.98%),B:9485.4(21.08%),P:1e-6	Tpos:3180.9,Tstd:3700.7,Bpos:1615.6,Bstd:957.1,StrandBias:0.2,Multiplicity:1.48
0.001	0.094	0.904	0.001
0.001	0.001	0.997	0.001
0.001	0.001	0.001	0.997
0.001	0.001	0.997	0.001
0.001	0.081	0.619	0.299
0.001	0.001	0.997	0.001
0.001	0.001	0.997	0.001
0.001	0.855	0.001	0.143
>TAAACGGC	15-TAAACGGC	8.637447	-15.276661	0	T:652.0(12.18%),B:4516.8(10.04%),P:1e-6	Tpos:2803.9,Tstd:3069.0,Bpos:1635.0,Bstd:967.5,StrandBias:0.1,Multiplicity:1.10
0.034	0.054	0.030	0.882
0.965	0.001	0.001	0.033
0.977	0.021	0.001	0.001
0.954	0.044	0.001	0.001
0.063	0.775	0.161	0.001
0.161	0.037	0.675	0.127
0.018	0.001	0.980	0.001
0.083	0.887	0.029	0.001
>GKAACGTT	16-GKAACGTT	7.347042	-15.099571	0	T:908.0(16.96%),B:6518.2(14.49%),P:1e-6	Tpos:2479.2,Tstd:2509.5,Bpos:1608.6,Bstd:977.6,StrandBias:-0.0,Multiplicity:1.17
0.048	0.229	0.590	0.133
0.150	0.230	0.239	0.381
0.940	0.001	0.008	0.051
0.718	0.001	0.230	0.051
0.001	0.830	0.001	0.168
0.001	0.005	0.678	0.316
0.001	0.001	0.050	0.948
0.001	0.001	0.255	0.743
>GGGCGGGG	17-GGGCGGGG	10.269012	-13.589357	0	T:924.0(17.25%),B:6708.5(14.91%),P:1e-5	Tpos:3448.2,Tstd:3734.9,Bpos:1628.6,Bstd:808.8,StrandBias:-0.0,Multiplicity:2.10
0.001	0.001	0.962	0.036
0.001	0.001	0.997	0.001
0.001	0.001	0.997	0.001
0.001	0.719	0.001	0.279
0.001	0.001	0.855	0.143
0.041	0.001	0.957	0.001
0.001	0.048	0.950	0.001
0.001	0.134	0.823	0.042
>VACGGTTN	18-VACGGTTN	5.699329	-12.369902	0	T:982.0(18.34%),B:7224.2(16.06%),P:1e-5	Tpos:2930.3,Tstd:3246.0,Bpos:1621.7,Bstd:951.6,StrandBias:0.1,Multiplicity:1.21
0.388	0.248	0.306	0.059
0.687	0.130	0.123	0.060
0.120	0.743	0.136	0.001
0.111	0.195	0.571	0.123
0.036	0.021	0.706	0.237
0.030	0.146	0.175	0.649
0.103	0.148	0.106	0.643
0.291	0.214	0.219	0.276
>CCCCGGGG	19-CCCCGGGG	8.236954	-11.888984	0	T:312.0(5.83%),B:2039.4(4.53%),P:1e-5	Tpos:3368.4,Tstd:3359.6,Bpos:1642.6,Bstd:892.0,StrandBias:0.0,Multiplicity:1.20
0.100	0.700	0.100	0.100
0.100	0.700	0.100	0.100
0.100	0.700	0.100	0.100
0.100	0.700	0.100	0.100
0.100	0.100	0.700	0.100
0.100	0.100	0.700	0.100
0.100	0.100	0.700	0.100
0.100	0.100	0.700	0.100
>TGAAAGCT	20-TGAAAGCT	9.411019	-10.832475	0	T:790.0(14.75%),B:5772.2(12.83%),P:1e-4	Tpos:2722.6,Tstd:3248.4,Bpos:1593.1,Bstd:983.4,StrandBias:0.1,Multiplicity:1.15
0.268	0.074	0.011	0.647
0.001	0.001	0.769	0.229
0.997	0.001	0.001	0.001
0.643	0.013	0.343	0.001
0.997	0.001	0.001	0.001
0.001	0.001	0.997	0.001
0.001	0.997	0.001	0.001
0.408	0.001	0.001	0.590
>CCCGAGGG	21-CCCGAGGG	8.475198	-10.593202	0	T:599.0(11.19%),B:4280.1(9.51%),P:1e-4	Tpos:3126.4,Tstd:3444.7,Bpos:1624.7,Bstd:910.0,StrandBias:0.1,Multiplicity:1.31
0.001	0.803	0.195	0.001
0.001	0.574	0.260	0.165
0.001	0.853	0.145	0.001
0.001	0.154	0.839	0.006
0.980	0.001	0.001	0.018
0.001	0.001	0.997	0.001
0.001	0.001	0.997	0.001
0.001	0.206	0.792	0.001
>TAACTTCG	22-TAACTTCG	8.666128	-8.832551	0	T:595.0(11.11%),B:4325.5(9.61%),P:1e-3	Tpos:2622.6,Tstd:3148.9,Bpos:1603.6,Bstd:973.6,StrandBias:-0.1,Multiplicity:1.11
0.001	0.021	0.001	0.977
0.976	0.022	0.001	0.001
0.931	0.018	0.017	0.034
0.091	0.874	0.034	0.001
0.024	0.001	0.015	0.960
0.030	0.001	0.019	0.950
0.001	0.787	0.096	0.116
0.133	0.159	0.557	0.151
>CGTGTTTA	23-CGTGTTTA	8.670974	-8.337120	0	T:1080.0(20.17%),B:8230.7(18.29%),P:1e-3	Tpos:2634.6,Tstd:2849.4,Bpos:1632.8,Bstd:958.6,StrandBias:-0.0,Multiplicity:1.22
0.074	0.734	0.001	0.191
0.001	0.081	0.750	0.168
0.018	0.015	0.027	0.940
0.033	0.001	0.911	0.055
0.001	0.014	0.046	0.939
0.001	0.026	0.027	0.946
0.001	0.001	0.001	0.997
0.819	0.032	0.051	0.098
>CCCCTGGG	24-CCCCTGGG	10.993305	-3.545594	0	T:1212.0(22.63%),B:9697.7(21.55%),P:1e-1	Tpos:3228.1,Tstd:3709.3,Bpos:1625.3,Bstd:994.2,StrandBias:0.0,Multiplicity:1.50
0.001	0.983	0.015	0.001
0.001	0.997	0.001	0.001
0.001	0.997	0.001	0.001
0.001	0.997	0.001	0.001
0.058	0.001	0.001	0.940
0.001	0.001	0.997	0.001
0.001	0.001	0.997	0.001
0.001	0.001	0.997	0.001
>MAGCCSTK	25-MAGCCSTK	5.489937	-2.524143	0	T:1683.0(31.43%),B:13738.1(30.53%),P:1e-1	Tpos:3126.4,Tstd:3594.6,Bpos:1615.6,Bstd:997.9,StrandBias:-0.1,Multiplicity:1.74
0.322	0.454	0.042	0.182
0.485	0.166	0.124	0.225
0.183	0.001	0.644	0.172
0.093	0.629	0.024	0.254
0.116	0.520	0.007	0.357
0.101	0.364	0.346	0.189
0.122	0.166	0.234	0.477
0.058	0.146	0.459	0.337
