>TGASTCATYHHH	1-TGASTCATYHHH	9.224010	-185.407005	0	T:1816.0(33.91%),B:10118.0(22.49%),P:1e-80	Tpos:2534.9,Tstd:2858.8,Bpos:1627.8,Bstd:982.4,StrandBias:-0.1,Multiplicity:1.67
0.001	0.001	0.001	0.997
0.001	0.001	0.997	0.001
0.997	0.001	0.001	0.001
0.060	0.411	0.494	0.035
0.001	0.001	0.001	0.997
0.001	0.997	0.001	0.001
0.997	0.001	0.001	0.001
0.001	0.230	0.274	0.495
0.107	0.374	0.180	0.340
0.306	0.193	0.162	0.339
0.271	0.339	0.145	0.245
0.200	0.307	0.169	0.324
>TCACTTCCTGTT	2-TCACTTCCTGTT	9.529904	-119.860414	0	T:1564.0(29.21%),B:9184.1(20.41%),P:1e-52	Tpos:2652.4,Tstd:3122.7,Bpos:1609.1,Bstd:985.0,StrandBias:-0.1,Multiplicity:1.31
0.076	0.288	0.103	0.533
0.075	0.722	0.075	0.128
0.832	0.087	0.046	0.035
0.021	0.606	0.072	0.301
0.034	0.010	0.001	0.955
0.006	0.001	0.013	0.980
0.046	0.895	0.033	0.026
0.001	0.991	0.006	0.002
0.002	0.065	0.018	0.915
0.052	0.340	0.530	0.078
0.152	0.127	0.022	0.699
0.058	0.118	0.166	0.658
>CGGTTTCCTGTG	3-CGGTTTCCTGTG	9.650659	-59.719448	0	T:850.0(15.87%),B:4974.6(11.06%),P:1e-25	Tpos:2576.0,Tstd:3025.2,Bpos:1609.5,Bstd:984.0,StrandBias:-0.0,Multiplicity:1.14
0.104	0.678	0.096	0.122
0.185	0.055	0.604	0.156
0.057	0.033	0.844	0.066
0.085	0.093	0.058	0.764
0.125	0.031	0.015	0.829
0.034	0.001	0.046	0.919
0.001	0.914	0.032	0.053
0.001	0.989	0.001	0.009
0.016	0.001	0.001	0.982
0.001	0.105	0.765	0.129
0.050	0.001	0.077	0.872
0.013	0.071	0.854	0.062
>GGGTGKGGCCNS	4-GGGTGKGGCCNS	10.067459	-46.098868	0	T:974.0(18.19%),B:6141.5(13.65%),P:1e-20	Tpos:3196.8,Tstd:3551.2,Bpos:1606.5,Bstd:975.4,StrandBias:-0.0,Multiplicity:1.32
0.123	0.001	0.875	0.001
0.001	0.001	0.997	0.001
0.012	0.054	0.933	0.001
0.299	0.011	0.001	0.689
0.001	0.001	0.997	0.001
0.077	0.001	0.489	0.433
0.009	0.001	0.942	0.048
0.055	0.206	0.639	0.100
0.130	0.507	0.087	0.276
0.214	0.456	0.043	0.286
0.275	0.164	0.304	0.257
0.001	0.374	0.514	0.111
>CTTTCCTGGAAA	5-CTTTCCTGGAAA	9.288954	-40.754467	0	T:1301.0(24.30%),B:8754.8(19.46%),P:1e-17	Tpos:2647.6,Tstd:3091.5,Bpos:1609.0,Bstd:983.9,StrandBias:-0.1,Multiplicity:1.24
0.084	0.797	0.047	0.072
0.036	0.083	0.041	0.840
0.033	0.087	0.051	0.829
0.040	0.067	0.056	0.837
0.039	0.815	0.051	0.095
0.054	0.861	0.029	0.056
0.068	0.037	0.040	0.855
0.032	0.044	0.858	0.066
0.079	0.044	0.803	0.074
0.791	0.064	0.086	0.059
0.861	0.033	0.077	0.029
0.855	0.043	0.058	0.044
>CAGCTGYTNYYK	6-CAGCTGYTNYYK	8.637525	-37.988927	0	T:1105.0(20.63%),B:7321.7(16.27%),P:1e-16	Tpos:2746.0,Tstd:3229.3,Bpos:1622.8,Bstd:978.1,StrandBias:0.0,Multiplicity:1.25
0.178	0.475	0.165	0.182
0.712	0.005	0.008	0.275
0.008	0.002	0.976	0.014
0.245	0.686	0.006	0.063
0.311	0.008	0.065	0.616
0.011	0.011	0.966	0.012
0.013	0.495	0.010	0.482
0.186	0.211	0.014	0.589
0.245	0.187	0.238	0.330
0.011	0.536	0.019	0.434
0.210	0.334	0.015	0.441
0.138	0.192	0.294	0.377
>AAGTTTCACTTC	7-AAGTTTCACTTC	9.807268	-27.070247	0	T:344.0(6.42%),B:1957.0(4.35%),P:1e-11	Tpos:2579.8,Tstd:2776.3,Bpos:1655.1,Bstd:956.5,StrandBias:-0.3,Multiplicity:1.10
0.814	0.083	0.052	0.051
0.879	0.032	0.045	0.044
0.089	0.079	0.774	0.058
0.047	0.043	0.048	0.862
0.065	0.058	0.049	0.828
0.040	0.046	0.035	0.879
0.114	0.809	0.029	0.048
0.866	0.052	0.030	0.052
0.054	0.807	0.087	0.052
0.047	0.059	0.042	0.852
0.032	0.043	0.064	0.861
0.066	0.770	0.059	0.105
>SCGGCCCCGCCC	8-SCGGCCCCGCCC	7.723598	-25.940734	0	T:710.0(13.26%),B:4642.8(10.32%),P:1e-11	Tpos:3336.1,Tstd:3703.8,Bpos:1638.2,Bstd:813.6,StrandBias:0.2,Multiplicity:1.77
0.205	0.390	0.265	0.140
0.206	0.468	0.138	0.187
0.218	0.204	0.422	0.156
0.101	0.268	0.512	0.119
0.062	0.685	0.146	0.107
0.052	0.730	0.087	0.131
0.149	0.655	0.064	0.132
0.176	0.489	0.121	0.214
0.189	0.148	0.443	0.219
0.084	0.601	0.189	0.126
0.080	0.713	0.088	0.119
0.097	0.510	0.133	0.260
>AAGCTTCCTCTT	9-AAGCTTCCTCTT	9.569164	-25.347777	0	T:808.0(15.09%),B:5399.2(12.00%),P:1e-11	Tpos:2890.5,Tstd:3196.7,Bpos:1624.6,Bstd:990.6,StrandBias:0.0,Multiplicity:1.13
0.683	0.156	0.100	0.061
0.743	0.041	0.109	0.107
0.110	0.104	0.679	0.107
0.055	0.787	0.027	0.131
0.012	0.067	0.001	0.920
0.029	0.059	0.129	0.783
0.074	0.745	0.101	0.080
0.066	0.858	0.025	0.051
0.072	0.124	0.006	0.798
0.019	0.639	0.156	0.186
0.041	0.151	0.050	0.758
0.066	0.146	0.178	0.610
>TGACACGTCCTG	10-TGACACGTCCTG	2.670105	-17.280508	0	T:962.0(17.96%),B:6857.0(15.24%),P:1e-7	Tpos:2869.7,Tstd:3338.4,Bpos:1617.7,Bstd:998.1,StrandBias:0.1,Multiplicity:1.23
0.001	0.001	0.001	0.997
0.001	0.001	0.997	0.001
0.997	0.001	0.001	0.001
0.001	0.997	0.001	0.001
0.939	0.001	0.059	0.001
0.001	0.997	0.001	0.001
0.001	0.001	0.997	0.001
0.001	0.001	0.001	0.997
0.001	0.997	0.001	0.001
0.001	0.997	0.001	0.001
0.001	0.001	0.059	0.939
0.001	0.001	0.997	0.001
>GGGAAGGGCTGT	11-GGGAAGGGCTGT	9.119649	-17.033303	0	T:1502.0(28.05%),B:11171.1(24.83%),P:1e-7	Tpos:2939.2,Tstd:3228.6,Bpos:1615.0,Bstd:986.2,StrandBias:0.1,Multiplicity:1.45
0.095	0.029	0.823	0.053
0.069	0.003	0.847	0.081
0.099	0.021	0.795	0.085
0.827	0.081	0.057	0.035
0.855	0.031	0.077	0.037
0.057	0.025	0.795	0.123
0.064	0.037	0.844	0.055
0.021	0.024	0.908	0.047
0.048	0.747	0.186	0.019
0.080	0.036	0.033	0.851
0.028	0.049	0.884	0.039
0.062	0.064	0.046	0.828
>AAGCTTGCTTTC	12-AAGCTTGCTTTC	8.839964	-12.291008	0	T:1139.0(21.27%),B:8483.2(18.85%),P:1e-5	Tpos:2741.5,Tstd:3138.8,Bpos:1619.2,Bstd:981.1,StrandBias:0.1,Multiplicity:1.23
0.746	0.090	0.088	0.076
0.762	0.067	0.085	0.086
0.083	0.088	0.752	0.077
0.085	0.729	0.078	0.108
0.082	0.093	0.067	0.758
0.092	0.069	0.086	0.753
0.081	0.110	0.713	0.096
0.073	0.742	0.095	0.090
0.067	0.079	0.057	0.797
0.069	0.084	0.089	0.758
0.084	0.086	0.062	0.768
0.078	0.724	0.102	0.096
>GWMAGTTYCTSG	13-GWMAGTTYCTSG	8.671855	-11.183893	0	T:572.0(10.68%),B:4046.3(8.99%),P:1e-4	Tpos:2695.0,Tstd:2856.1,Bpos:1628.6,Bstd:964.4,StrandBias:0.1,Multiplicity:1.07
0.175	0.138	0.508	0.179
0.427	0.001	0.112	0.460
0.552	0.446	0.001	0.001
0.995	0.001	0.003	0.001
0.001	0.358	0.640	0.001
0.001	0.059	0.001	0.939
0.387	0.001	0.001	0.611
0.010	0.448	0.025	0.517
0.194	0.473	0.136	0.197
0.001	0.012	0.308	0.679
0.111	0.379	0.449	0.061
0.236	0.120	0.464	0.180
>GGCTGACACCGT	14-GGCTGACACCGT	13.702323	-11.141382	0	T:17.0(0.32%),B:41.7(0.09%),P:1e-4	Tpos:2326.7,Tstd:3305.4,Bpos:1566.1,Bstd:945.6,StrandBias:2.6,Multiplicity:3.76
0.001	0.001	0.997	0.001
0.001	0.001	0.997	0.001
0.001	0.997	0.001	0.001
0.001	0.417	0.001	0.581
0.001	0.001	0.581	0.417
0.997	0.001	0.001	0.001
0.001	0.997	0.001	0.001
0.997	0.001	0.001	0.001
0.001	0.997	0.001	0.001
0.001	0.997	0.001	0.001
0.001	0.162	0.836	0.001
0.001	0.001	0.001	0.997
>NTAACACAGCTN	15-NTAACACAGCTN	7.829842	-10.368729	0	T:511.0(9.54%),B:3604.0(8.01%),P:1e-4	Tpos:2683.8,Tstd:2955.7,Bpos:1680.6,Bstd:980.9,StrandBias:0.0,Multiplicity:1.11
0.230	0.220	0.237	0.314
0.144	0.120	0.122	0.614
0.620	0.130	0.125	0.125
0.635	0.121	0.122	0.122
0.139	0.621	0.126	0.114
0.656	0.122	0.102	0.120
0.129	0.632	0.123	0.116
0.674	0.092	0.101	0.133
0.119	0.118	0.640	0.123
0.123	0.628	0.120	0.129
0.129	0.124	0.098	0.649
0.215	0.234	0.235	0.317
>ACTCGBCGCTKK	16-ACTCGBCGCTKK	7.464004	-9.164272	0	T:347.0(6.48%),B:2385.2(5.30%),P:1e-3	Tpos:2940.2,Tstd:3067.8,Bpos:1647.3,Bstd:910.7,StrandBias:-0.1,Multiplicity:1.06
0.532	0.125	0.005	0.338
0.265	0.487	0.043	0.205
0.336	0.001	0.001	0.662
0.321	0.573	0.001	0.105
0.105	0.114	0.602	0.179
0.001	0.342	0.314	0.343
0.001	0.997	0.001	0.001
0.001	0.001	0.997	0.001
0.103	0.414	0.234	0.249
0.089	0.125	0.001	0.785
0.116	0.234	0.396	0.253
0.140	0.111	0.312	0.437
>GCAGAGGGTTAG	17-GCAGAGGGTTAG	10.409522	-5.909613	0	T:117.0(2.18%),B:751.6(1.67%),P:1e-2	Tpos:3099.6,Tstd:3153.9,Bpos:1599.4,Bstd:969.7,StrandBias:-0.6,Multiplicity:1.26
0.100	0.100	0.700	0.100
0.100	0.700	0.100	0.100
0.700	0.100	0.100	0.100
0.100	0.100	0.700	0.100
0.700	0.100	0.100	0.100
0.100	0.100	0.700	0.100
0.100	0.100	0.700	0.100
0.100	0.100	0.700	0.100
0.100	0.100	0.100	0.700
0.100	0.100	0.100	0.700
0.700	0.100	0.100	0.100
0.100	0.100	0.700	0.100
>AGGGGTAGCCGG	18-AGGGGTAGCCGG	12.355432	-5.029165	0	T:2.0(0.04%),B:0.9(0.00%),P:1e-2	Tpos:1727.9,Tstd:212.1,Bpos:1907.0,Bstd:0.0,StrandBias:3.6,Multiplicity:6.50
0.700	0.100	0.100	0.100
0.100	0.100	0.700	0.100
0.100	0.100	0.700	0.100
0.100	0.100	0.700	0.100
0.100	0.100	0.700	0.100
0.100	0.100	0.100	0.700
0.700	0.100	0.100	0.100
0.100	0.100	0.700	0.100
0.100	0.700	0.100	0.100
0.100	0.700	0.100	0.100
0.100	0.100	0.700	0.100
0.100	0.100	0.700	0.100
>CTGGGGTAGAAG	19-CTGGGGTAGAAG	9.694726	-4.358694	0	T:33.0(0.62%),B:181.5(0.40%),P:1e-1	Tpos:1480.9,Tstd:2224.1,Bpos:1501.3,Bstd:983.2,StrandBias:2.7,Multiplicity:2.21
0.001	0.997	0.001	0.001
0.001	0.001	0.001	0.997
0.001	0.001	0.997	0.001
0.001	0.001	0.997	0.001
0.001	0.001	0.997	0.001
0.001	0.001	0.997	0.001
0.001	0.001	0.001	0.997
0.969	0.029	0.001	0.001
0.001	0.001	0.997	0.001
0.997	0.001	0.001	0.001
0.997	0.001	0.001	0.001
0.001	0.001	0.997	0.001
>GAGAGGCGTGGA	20-GAGAGGCGTGGA	9.694726	-2.988496	0	T:6.0(0.11%),B:22.6(0.05%),P:1e-1	Tpos:1056.1,Tstd:1363.1,Bpos:1352.3,Bstd:1138.2,StrandBias:-3.9,Multiplicity:8.17
0.001	0.001	0.997	0.001
0.997	0.001	0.001	0.001
0.001	0.001	0.997	0.001
0.997	0.001	0.001	0.001
0.001	0.001	0.997	0.001
0.001	0.001	0.997	0.001
0.001	0.997	0.001	0.001
0.001	0.001	0.997	0.001
0.001	0.001	0.001	0.997
0.084	0.001	0.914	0.001
0.001	0.001	0.997	0.001
0.997	0.001	0.001	0.001
>ATCTAAGGCATC	21-ATCTAAGGCATC	12.355432	-2.987383	0	T:2.0(0.04%),B:3.3(0.01%),P:1e-1	Tpos:2032.0,Tstd:751.9,Bpos:1416.1,Bstd:653.3,StrandBias:-2.8,Multiplicity:8.00
0.700	0.100	0.100	0.100
0.100	0.100	0.100	0.700
0.100	0.700	0.100	0.100
0.100	0.100	0.100	0.700
0.700	0.100	0.100	0.100
0.700	0.100	0.100	0.100
0.100	0.100	0.700	0.100
0.100	0.100	0.700	0.100
0.100	0.700	0.100	0.100
0.700	0.100	0.100	0.100
0.100	0.100	0.100	0.700
0.100	0.700	0.100	0.100
>GAGCGACGGGGG	22-GAGCGACGGGGG	8.463612	-2.637230	0	T:758.0(14.15%),B:6056.7(13.46%),P:1e-1	Tpos:3487.8,Tstd:3914.2,Bpos:1637.5,Bstd:903.9,StrandBias:0.1,Multiplicity:1.35
0.100	0.100	0.700	0.100
0.700	0.100	0.100	0.100
0.100	0.100	0.700	0.100
0.100	0.700	0.100	0.100
0.100	0.100	0.700	0.100
0.700	0.100	0.100	0.100
0.100	0.700	0.100	0.100
0.100	0.100	0.700	0.100
0.100	0.100	0.700	0.100
0.100	0.100	0.700	0.100
0.100	0.100	0.700	0.100
0.100	0.100	0.700	0.100
>CGGCCCAGGTCA	23-CGGCCCAGGTCA	10.409522	-2.495680	0	T:95.0(1.77%),B:688.4(1.53%),P:1e-1	Tpos:2515.4,Tstd:2568.5,Bpos:1658.1,Bstd:906.2,StrandBias:0.4,Multiplicity:1.29
0.100	0.700	0.100	0.100
0.100	0.100	0.700	0.100
0.100	0.100	0.700	0.100
0.100	0.700	0.100	0.100
0.100	0.700	0.100	0.100
0.100	0.700	0.100	0.100
0.700	0.100	0.100	0.100
0.100	0.100	0.700	0.100
0.100	0.100	0.700	0.100
0.100	0.100	0.100	0.700
0.100	0.700	0.100	0.100
0.700	0.100	0.100	0.100
>GGGAGCGGCTAC	24-GGGAGCGGCTAC	8.463612	-2.344258	0	T:749.0(13.99%),B:6015.8(13.37%),P:1e-1	Tpos:3235.6,Tstd:3432.1,Bpos:1620.9,Bstd:937.2,StrandBias:0.0,Multiplicity:1.30
0.100	0.100	0.700	0.100
0.100	0.100	0.700	0.100
0.100	0.100	0.700	0.100
0.700	0.100	0.100	0.100
0.100	0.100	0.700	0.100
0.100	0.700	0.100	0.100
0.100	0.100	0.700	0.100
0.100	0.100	0.700	0.100
0.100	0.700	0.100	0.100
0.100	0.100	0.100	0.700
0.700	0.100	0.100	0.100
0.100	0.700	0.100	0.100
>TAGCATAGCATA	25-TAGCATAGCATA	16.192767	-1.109732	0	T:3.0(0.06%),B:17.6(0.04%),P:1e0	Tpos:1397.1,Tstd:170.4,Bpos:2272.2,Bstd:721.6,StrandBias:-5.1,Multiplicity:4.67
0.001	0.001	0.001	0.997
0.997	0.001	0.001	0.001
0.001	0.001	0.997	0.001
0.001	0.759	0.239	0.001
0.997	0.001	0.001	0.001
0.001	0.001	0.001	0.997
0.997	0.001	0.001	0.001
0.001	0.001	0.997	0.001
0.001	0.872	0.126	0.001
0.997	0.001	0.001	0.001
0.001	0.001	0.001	0.997
0.997	0.001	0.001	0.001
