>CTCCCCAGGGGA	19-TCCCCTGGGGAG	9.340612	-29.963433	0	T:1169.0(18.72%),B:6749.2(15.27%),P:1e-13
0.048	0.631	0.037	0.284
0.043	0.104	0.034	0.819
0.012	0.838	0.076	0.074
0.033	0.792	0.030	0.145
0.078	0.856	0.022	0.044
0.062	0.858	0.072	0.008
0.819	0.016	0.022	0.143
0.056	0.092	0.798	0.054
0.057	0.036	0.832	0.075
0.077	0.025	0.848	0.050
0.109	0.134	0.745	0.012
0.811	0.097	0.061	0.031
