>BCTGSCAGGAAA	7-BCTGSCAGGAAA	8.920614	-50.997687	0	T:2108.0(33.75%),B:12413.1(28.08%),P:1e-22
0.127	0.225	0.356	0.291
0.012	0.653	0.031	0.304
0.192	0.001	0.001	0.806
0.001	0.001	0.953	0.045
0.113	0.369	0.422	0.096
0.149	0.755	0.088	0.008
0.802	0.001	0.001	0.196
0.180	0.001	0.818	0.001
0.187	0.116	0.696	0.001
0.609	0.102	0.288	0.001
0.776	0.094	0.129	0.001
0.563	0.129	0.300	0.008
