>AACATGTGTTTC	13-AACATGTGTTTC,BestGuess:BHLHE23/MA0817.1/Jaspar(0.748)	9.557334	-37.023886	0	T:703.0(11.26%),B:3641.2(8.24%),P:1e-16
0.867	0.072	0.030	0.031
0.807	0.056	0.102	0.035
0.082	0.832	0.026	0.060
0.828	0.047	0.052	0.073
0.064	0.052	0.049	0.835
0.046	0.080	0.812	0.062
0.047	0.037	0.035	0.881
0.042	0.055	0.832	0.071
0.078	0.075	0.039	0.808
0.070	0.056	0.036	0.838
0.027	0.054	0.040	0.879
0.055	0.783	0.054	0.108
