>TCCCCTGGGGAG	19-TCCCCTGGGGAG,BestGuess:EBF1(EBF)/Near-E2A-ChIP-Seq(GSE21512)/Homer(0.888)	9.340612	-29.963433	0	T:1169.0(18.72%),B:6749.2(15.27%),P:1e-13
0.031	0.061	0.097	0.811
0.012	0.745	0.134	0.109
0.050	0.848	0.025	0.077
0.075	0.832	0.036	0.057
0.054	0.798	0.092	0.056
0.143	0.022	0.016	0.819
0.008	0.072	0.858	0.062
0.044	0.022	0.856	0.078
0.145	0.030	0.792	0.033
0.074	0.076	0.838	0.012
0.819	0.034	0.104	0.043
0.284	0.037	0.631	0.048
