>CTTGCCAAATGA	9-CTTGCCAAATGA	9.044183	-43.110557	0	T:1003.0(16.06%),B:5391.4(12.20%),P:1e-18
0.084	0.737	0.065	0.114
0.093	0.109	0.051	0.747
0.067	0.039	0.079	0.815
0.072	0.079	0.713	0.136
0.089	0.721	0.102	0.088
0.099	0.773	0.038	0.090
0.822	0.073	0.032	0.073
0.761	0.088	0.082	0.069
0.754	0.093	0.105	0.048
0.116	0.047	0.086	0.751
0.106	0.111	0.687	0.096
0.720	0.124	0.067	0.089
