>CAGCTGGCTCTG	5-CAGCTGGCTCTG	9.564745	-53.229822	0	T:1253.0(20.06%),B:6773.6(15.32%),P:1e-23
0.045	0.860	0.073	0.022
0.832	0.040	0.046	0.082
0.036	0.039	0.856	0.069
0.034	0.880	0.047	0.039
0.088	0.046	0.033	0.833
0.070	0.029	0.830	0.071
0.038	0.075	0.829	0.058
0.064	0.800	0.061	0.075
0.075	0.079	0.058	0.788
0.019	0.824	0.082	0.075
0.039	0.067	0.044	0.850
0.050	0.071	0.818	0.061
