>AGSARACAGCTG	3-AGSARACAGCTG	8.326492	-54.308168	0	T:1494.0(23.92%),B:8293.4(18.76%),P:1e-23
0.477	0.003	0.204	0.315
0.202	0.094	0.460	0.244
0.211	0.393	0.251	0.146
0.626	0.221	0.001	0.152
0.451	0.215	0.332	0.002
0.460	0.198	0.253	0.090
0.176	0.663	0.158	0.003
0.857	0.002	0.001	0.140
0.015	0.002	0.783	0.200
0.168	0.751	0.007	0.074
0.314	0.002	0.001	0.683
0.009	0.233	0.601	0.157
