>AGCTTCTGACAG	15-CTGTCAGAAGCT	9.138305	-35.229675	0	T:856.0(13.70%),B:4624.2(10.46%),P:1e-15
0.744	0.047	0.109	0.100
0.083	0.066	0.769	0.082
0.089	0.747	0.085	0.079
0.088	0.093	0.042	0.777
0.079	0.091	0.107	0.723
0.069	0.761	0.093	0.077
0.091	0.062	0.047	0.800
0.071	0.104	0.743	0.082
0.689	0.115	0.108	0.088
0.097	0.708	0.131	0.064
0.803	0.050	0.045	0.102
0.083	0.087	0.736	0.094
