>GAAACACATGTT	13-AACATGTGTTTC	9.557334	-37.023886	0	T:703.0(11.26%),B:3641.2(8.24%),P:1e-16
0.108	0.054	0.783	0.055
0.879	0.040	0.054	0.027
0.838	0.036	0.056	0.070
0.808	0.039	0.075	0.078
0.071	0.832	0.055	0.042
0.881	0.035	0.037	0.047
0.062	0.812	0.080	0.046
0.835	0.049	0.052	0.064
0.073	0.052	0.047	0.828
0.060	0.026	0.832	0.082
0.035	0.102	0.056	0.807
0.031	0.030	0.072	0.867
