>GGCCAGGCCTCC	4-GGAGGCCTGGCC	10.927284	-53.613674	0	T:503.0(8.05%),B:2228.5(5.04%),P:1e-23
0.191	0.016	0.612	0.181
0.030	0.262	0.684	0.024
0.120	0.859	0.006	0.015
0.033	0.955	0.010	0.002
0.816	0.019	0.019	0.146
0.015	0.064	0.907	0.014
0.032	0.148	0.740	0.080
0.036	0.734	0.223	0.007
0.009	0.837	0.017	0.137
0.046	0.277	0.008	0.669
0.011	0.686	0.161	0.142
0.137	0.660	0.046	0.157
