>AGCCAAAGGCCA	8-AGCCAAAGGCCA,BestGuess:Erra(NR)/HepG2-Erra-ChIP-Seq(GSE31477)/Homer(0.735)	9.517432	-49.864281	0	T:818.0(13.10%),B:4129.1(9.34%),P:1e-21
0.831	0.039	0.061	0.069
0.054	0.069	0.842	0.035
0.066	0.794	0.083	0.057
0.056	0.852	0.051	0.041
0.871	0.055	0.027	0.047
0.803	0.076	0.098	0.023
0.860	0.040	0.049	0.051
0.067	0.066	0.806	0.061
0.047	0.046	0.861	0.046
0.023	0.852	0.056	0.069
0.090	0.826	0.039	0.045
0.806	0.077	0.067	0.050
