>GCGGGCCGGGGC	14-GCGGGCCGGGGC	11.607017	-36.038957	0	T:200.0(3.20%),B:754.4(1.71%),P:1e-15
0.028	0.123	0.820	0.029
0.081	0.733	0.120	0.066
0.070	0.061	0.795	0.074
0.048	0.039	0.895	0.018
0.020	0.081	0.864	0.035
0.029	0.797	0.165	0.009
0.081	0.780	0.069	0.070
0.047	0.061	0.842	0.050
0.043	0.033	0.890	0.034
0.041	0.024	0.905	0.030
0.025	0.080	0.826	0.069
0.031	0.857	0.069	0.043
