>GGCYCWGGGCCA	20-GGCYCWGGGCCA	9.035309	-23.924008	0	T:1692.0(27.09%),B:10405.4(23.54%),P:1e-10
0.019	0.001	0.836	0.144
0.024	0.097	0.775	0.104
0.065	0.857	0.068	0.010
0.162	0.336	0.025	0.477
0.057	0.810	0.071	0.062
0.433	0.061	0.055	0.451
0.059	0.030	0.871	0.040
0.156	0.011	0.688	0.145
0.001	0.104	0.838	0.057
0.108	0.871	0.020	0.001
0.016	0.939	0.035	0.010
0.684	0.103	0.009	0.204
