>GGAGGCCTGGCC	4-GGAGGCCTGGCC,BestGuess:ZFX(Zf)/mES-Zfx-ChIP-Seq(GSE11431)/Homer(0.766)	10.927284	-53.613674	0	T:503.0(8.05%),B:2228.5(5.04%),P:1e-23
0.157	0.046	0.660	0.137
0.142	0.161	0.686	0.011
0.669	0.008	0.277	0.046
0.137	0.017	0.837	0.009
0.007	0.223	0.734	0.036
0.080	0.740	0.148	0.032
0.014	0.907	0.064	0.015
0.146	0.019	0.019	0.816
0.002	0.010	0.955	0.033
0.015	0.006	0.859	0.120
0.024	0.684	0.262	0.030
0.181	0.612	0.016	0.191
