>GCTCAGAAAGCC	17-GCTCAGAAAGCC	8.973777	-33.533423	0	T:957.0(15.32%),B:5298.1(11.98%),P:1e-14
0.081	0.104	0.728	0.087
0.082	0.734	0.083	0.101
0.099	0.095	0.063	0.743
0.075	0.750	0.088	0.087
0.780	0.056	0.065	0.099
0.066	0.085	0.779	0.070
0.752	0.088	0.083	0.077
0.744	0.095	0.094	0.067
0.771	0.071	0.078	0.080
0.086	0.088	0.752	0.074
0.078	0.740	0.101	0.081
0.105	0.724	0.084	0.087
