>AAACACAGGCCT	16-AAACACAGGCCT	9.433531	-33.767009	0	T:1016.0(16.27%),B:5669.1(12.82%),P:1e-14
0.768	0.118	0.112	0.002
0.773	0.134	0.092	0.001
0.750	0.027	0.113	0.110
0.108	0.724	0.094	0.074
0.773	0.101	0.016	0.110
0.122	0.753	0.089	0.036
0.875	0.001	0.001	0.123
0.123	0.011	0.776	0.090
0.107	0.135	0.657	0.101
0.107	0.678	0.124	0.091
0.098	0.753	0.001	0.148
0.116	0.110	0.051	0.723
