>RAAAGCAGCTTT	18-RAAAGCAGCTTT	8.181036	-30.974128	0	T:1703.0(27.27%),B:10249.1(23.18%),P:1e-13
0.397	0.202	0.281	0.120
0.663	0.126	0.209	0.002
0.693	0.067	0.209	0.031
0.623	0.001	0.269	0.107
0.273	0.151	0.427	0.150
0.124	0.795	0.076	0.005
0.612	0.007	0.010	0.371
0.054	0.002	0.935	0.009
0.260	0.439	0.109	0.191
0.099	0.268	0.003	0.630
0.004	0.222	0.159	0.615
0.055	0.240	0.139	0.566
