>CTGTCAGAAGCT	15-CTGTCAGAAGCT,BestGuess:Tbx20(T-box)/Heart-Tbx20-ChIP-Seq(GSE29636)/Homer(0.665)	9.138305	-35.229675	0	T:856.0(13.70%),B:4624.2(10.46%),P:1e-15
0.094	0.736	0.087	0.083
0.102	0.045	0.050	0.803
0.064	0.131	0.708	0.097
0.088	0.108	0.115	0.689
0.082	0.743	0.104	0.071
0.800	0.047	0.062	0.091
0.077	0.093	0.761	0.069
0.723	0.107	0.091	0.079
0.777	0.042	0.093	0.088
0.079	0.085	0.747	0.089
0.082	0.769	0.066	0.083
0.100	0.109	0.047	0.744
