>ACAGCCCAGAGG	21-CCTCTGGGCTGT	9.548374	-22.056480	0	T:1044.0(16.71%),B:6153.0(13.92%),P:1e-9
0.655	0.078	0.147	0.120
0.098	0.771	0.130	0.001
0.799	0.018	0.032	0.151
0.058	0.068	0.870	0.004
0.073	0.700	0.144	0.083
0.128	0.741	0.022	0.109
0.079	0.812	0.068	0.041
0.804	0.057	0.033	0.106
0.054	0.157	0.783	0.006
0.747	0.054	0.132	0.067
0.095	0.106	0.710	0.089
0.128	0.118	0.609	0.145
