>CCTCTGGGCTGT	21-CCTCTGGGCTGT,BestGuess:PB0189.1_Tcfap2a_2/Jaspar(0.712)	9.548374	-22.056480	0	T:1044.0(16.71%),B:6153.0(13.92%),P:1e-9
0.145	0.609	0.118	0.128
0.089	0.710	0.106	0.095
0.067	0.132	0.054	0.747
0.006	0.783	0.157	0.054
0.106	0.033	0.057	0.804
0.041	0.068	0.812	0.079
0.109	0.022	0.741	0.128
0.083	0.144	0.700	0.073
0.004	0.870	0.068	0.058
0.151	0.032	0.018	0.799
0.001	0.130	0.771	0.098
0.120	0.147	0.078	0.655
