>AAAGCACAGCTG	10-AAAGCACAGCTG	9.322085	-40.716223	0	T:1183.0(18.94%),B:6583.2(14.89%),P:1e-17
0.771	0.095	0.102	0.032
0.701	0.124	0.095	0.080
0.751	0.059	0.099	0.091
0.128	0.135	0.622	0.115
0.117	0.704	0.104	0.075
0.742	0.100	0.059	0.099
0.113	0.704	0.122	0.061
0.794	0.052	0.062	0.092
0.040	0.024	0.826	0.110
0.105	0.849	0.014	0.032
0.125	0.017	0.051	0.807
0.084	0.082	0.733	0.101
