>GAAACAGGAAGT	6-ACTTCCTGTTTC	9.358072	-51.813400	0	T:1478.0(23.66%),B:8242.8(18.65%),P:1e-22
0.106	0.302	0.559	0.033
0.822	0.062	0.070	0.046
0.728	0.135	0.101	0.036
0.796	0.055	0.085	0.064
0.099	0.654	0.204	0.043
0.893	0.029	0.038	0.040
0.034	0.037	0.891	0.038
0.097	0.041	0.820	0.042
0.891	0.069	0.036	0.004
0.876	0.028	0.037	0.059
0.130	0.064	0.716	0.090
0.043	0.272	0.043	0.642
