>CGAAACTGAAAC	11-CGAAACTGAAAC	9.138425	-38.964438	0	T:927.0(14.84%),B:4995.6(11.30%),P:1e-16
0.121	0.642	0.116	0.121
0.110	0.098	0.691	0.101
0.771	0.071	0.081	0.077
0.776	0.089	0.074	0.061
0.763	0.074	0.074	0.089
0.126	0.713	0.093	0.068
0.109	0.056	0.057	0.778
0.084	0.068	0.781	0.067
0.798	0.073	0.074	0.055
0.794	0.076	0.077	0.053
0.785	0.063	0.078	0.074
0.091	0.708	0.109	0.092
