>GATGASTCAT	1-GATGASTCAT	8.533870	-105.752102	0	T:674.0(26.59%),B:7419.1(15.48%),P:1e-45	Tpos:2159.7,Tstd:2450.5,Bpos:1198.7,Bstd:731.1,StrandBias:0.1,Multiplicity:1.26
0.231	0.174	0.512	0.083
0.664	0.051	0.222	0.063
0.001	0.001	0.001	0.997
0.001	0.001	0.997	0.001
0.997	0.001	0.001	0.001
0.001	0.538	0.440	0.021
0.001	0.001	0.001	0.997
0.044	0.954	0.001	0.001
0.997	0.001	0.001	0.001
0.001	0.175	0.187	0.637
>YACTTCCTGT	2-YACTTCCTGT	9.068168	-96.797918	0	T:592.0(23.35%),B:6382.1(13.31%),P:1e-42	Tpos:2075.7,Tstd:2525.4,Bpos:1190.1,Bstd:727.1,StrandBias:0.0,Multiplicity:1.21
0.184	0.367	0.173	0.277
0.588	0.125	0.220	0.067
0.028	0.643	0.064	0.265
0.120	0.001	0.001	0.878
0.001	0.022	0.001	0.976
0.073	0.925	0.001	0.001
0.034	0.964	0.001	0.001
0.001	0.003	0.013	0.983
0.100	0.145	0.615	0.140
0.164	0.171	0.058	0.607
>AGGGTGGGGC	3-AGGGTGGGGC	8.143073	-51.910922	0	T:928.0(36.61%),B:13219.1(27.58%),P:1e-22	Tpos:2263.5,Tstd:2675.8,Bpos:1199.4,Bstd:718.6,StrandBias:-0.0,Multiplicity:1.70
0.795	0.024	0.051	0.130
0.041	0.001	0.957	0.001
0.001	0.009	0.989	0.001
0.001	0.001	0.997	0.001
0.046	0.052	0.001	0.901
0.023	0.001	0.948	0.028
0.001	0.042	0.797	0.160
0.061	0.001	0.858	0.080
0.001	0.001	0.997	0.001
0.041	0.873	0.032	0.054
>GGGTGTGTCC	4-GGGTGTGTCC	9.318221	-44.163900	0	T:324.0(12.78%),B:3633.2(7.58%),P:1e-19	Tpos:2183.1,Tstd:2685.3,Bpos:1203.5,Bstd:719.9,StrandBias:-0.1,Multiplicity:1.15
0.033	0.001	0.965	0.001
0.001	0.001	0.997	0.001
0.001	0.001	0.997	0.001
0.037	0.001	0.001	0.961
0.001	0.001	0.997	0.001
0.018	0.001	0.045	0.936
0.014	0.025	0.934	0.027
0.106	0.067	0.001	0.826
0.085	0.824	0.058	0.033
0.172	0.672	0.032	0.124
>CTTAGTCAGC	5-CTTAGTCAGC	9.061475	-20.561193	0	T:181.0(7.14%),B:2144.5(4.47%),P:1e-8	Tpos:2403.5,Tstd:2840.8,Bpos:1188.2,Bstd:728.3,StrandBias:0.0,Multiplicity:1.08
0.137	0.573	0.083	0.207
0.061	0.019	0.080	0.840
0.117	0.063	0.094	0.726
0.988	0.001	0.001	0.010
0.083	0.186	0.730	0.001
0.093	0.079	0.081	0.747
0.071	0.895	0.001	0.033
0.997	0.001	0.001	0.001
0.007	0.115	0.651	0.227
0.068	0.649	0.075	0.208
>AGGAAAYKGS	6-AGGAAAYKGS	8.892872	-20.532415	0	T:1032.0(40.71%),B:16767.9(34.98%),P:1e-8	Tpos:2328.4,Tstd:2660.4,Bpos:1205.3,Bstd:724.0,StrandBias:-0.1,Multiplicity:1.57
0.997	0.001	0.001	0.001
0.001	0.001	0.997	0.001
0.001	0.001	0.997	0.001
0.997	0.001	0.001	0.001
0.997	0.001	0.001	0.001
0.640	0.001	0.358	0.001
0.176	0.329	0.055	0.440
0.117	0.018	0.365	0.500
0.237	0.141	0.621	0.001
0.184	0.355	0.320	0.141
>TTTGCATAAC	7-TTTGCATAAC	8.218012	-18.859813	0	T:441.0(17.40%),B:6418.0(13.39%),P:1e-8	Tpos:2083.4,Tstd:2309.9,Bpos:1196.6,Bstd:712.4,StrandBias:0.0,Multiplicity:1.16
0.043	0.065	0.019	0.873
0.084	0.038	0.034	0.844
0.135	0.007	0.046	0.812
0.090	0.056	0.809	0.045
0.102	0.797	0.020	0.081
0.830	0.087	0.012	0.071
0.146	0.082	0.047	0.725
0.825	0.041	0.067	0.067
0.781	0.055	0.089	0.075
0.077	0.706	0.111	0.106
>AGGAAKGCYN	8-AGGAAKGCYN	9.239494	-16.181298	0	T:635.0(25.05%),B:9941.0(20.74%),P:1e-7	Tpos:2287.1,Tstd:2628.1,Bpos:1192.4,Bstd:730.4,StrandBias:-0.1,Multiplicity:1.28
0.997	0.001	0.001	0.001
0.001	0.001	0.997	0.001
0.001	0.066	0.932	0.001
0.997	0.001	0.001	0.001
0.997	0.001	0.001	0.001
0.134	0.084	0.358	0.424
0.001	0.001	0.646	0.352
0.001	0.774	0.001	0.224
0.142	0.383	0.001	0.473
0.241	0.243	0.243	0.273
>CGGTGCTTTA	9-CGGTGCTTTA	8.284377	-13.039845	0	T:319.0(12.58%),B:4676.7(9.76%),P:1e-5	Tpos:2404.3,Tstd:2835.9,Bpos:1188.9,Bstd:725.1,StrandBias:0.4,Multiplicity:1.13
0.192	0.617	0.070	0.121
0.114	0.070	0.666	0.150
0.023	0.046	0.909	0.022
0.114	0.023	0.026	0.837
0.040	0.025	0.890	0.045
0.090	0.763	0.054	0.093
0.073	0.074	0.003	0.850
0.003	0.024	0.053	0.920
0.074	0.041	0.040	0.845
0.710	0.102	0.096	0.092
>CTGTGTAAAT	10-CTGTGTAAAT	8.965210	-12.808623	0	T:406.0(16.02%),B:6174.1(12.88%),P:1e-5	Tpos:2209.1,Tstd:2464.6,Bpos:1201.7,Bstd:720.4,StrandBias:0.0,Multiplicity:1.16
0.083	0.820	0.058	0.039
0.053	0.037	0.044	0.866
0.105	0.103	0.697	0.095
0.090	0.032	0.082	0.796
0.028	0.023	0.862	0.087
0.043	0.082	0.074	0.801
0.751	0.087	0.068	0.094
0.874	0.041	0.039	0.046
0.749	0.066	0.081	0.104
0.046	0.131	0.034	0.789
>CGGTTGTGTT	11-CGGTTGTGTT	8.654816	-12.704669	0	T:157.0(6.19%),B:2037.1(4.25%),P:1e-5	Tpos:2627.9,Tstd:3192.1,Bpos:1201.7,Bstd:714.8,StrandBias:0.1,Multiplicity:1.09
0.059	0.778	0.023	0.140
0.154	0.140	0.654	0.052
0.001	0.133	0.846	0.020
0.001	0.082	0.154	0.763
0.063	0.052	0.006	0.879
0.001	0.158	0.720	0.121
0.090	0.052	0.001	0.857
0.009	0.090	0.863	0.038
0.094	0.046	0.034	0.826
0.001	0.183	0.001	0.815
>GGGGTGGGGG	12-GGGGTGGGGG	10.740246	-12.185406	0	T:471.0(18.58%),B:7345.9(15.32%),P:1e-5	Tpos:2713.6,Tstd:3198.7,Bpos:1201.0,Bstd:705.6,StrandBias:-0.1,Multiplicity:1.55
0.001	0.001	0.639	0.359
0.001	0.001	0.997	0.001
0.092	0.001	0.763	0.144
0.001	0.001	0.997	0.001
0.001	0.176	0.001	0.822
0.001	0.042	0.956	0.001
0.050	0.001	0.714	0.235
0.261	0.001	0.737	0.001
0.056	0.050	0.893	0.001
0.287	0.001	0.438	0.274
>GCCGTTTACT	13-GCCGTTTACT	7.557112	-12.008478	0	T:440.0(17.36%),B:6817.0(14.22%),P:1e-5	Tpos:2240.4,Tstd:2732.1,Bpos:1204.2,Bstd:725.1,StrandBias:0.1,Multiplicity:1.17
0.073	0.079	0.782	0.066
0.054	0.860	0.047	0.039
0.123	0.672	0.041	0.164
0.079	0.116	0.683	0.122
0.066	0.051	0.025	0.858
0.029	0.044	0.052	0.875
0.059	0.042	0.076	0.823
0.824	0.057	0.067	0.052
0.047	0.830	0.063	0.060
0.073	0.088	0.039	0.800
>GTAAAGCTTT	14-GTAAAGCTTT	9.320405	-11.979107	0	T:227.0(8.95%),B:3198.4(6.67%),P:1e-5	Tpos:1992.6,Tstd:1886.6,Bpos:1172.5,Bstd:717.6,StrandBias:0.4,Multiplicity:1.08
0.090	0.099	0.783	0.028
0.132	0.120	0.060	0.688
0.817	0.088	0.010	0.085
0.804	0.081	0.047	0.068
0.799	0.010	0.102	0.089
0.053	0.080	0.776	0.091
0.072	0.774	0.076	0.078
0.037	0.073	0.001	0.889
0.031	0.038	0.021	0.910
0.053	0.044	0.134	0.769
>ACRTTTCCGG	15-ACRTTTCCGG	9.395908	-11.469547	0	T:173.0(6.82%),B:2342.1(4.89%),P:1e-4	Tpos:2178.5,Tstd:2304.5,Bpos:1218.9,Bstd:716.3,StrandBias:-0.2,Multiplicity:1.03
0.844	0.027	0.090	0.039
0.126	0.702	0.077	0.095
0.405	0.174	0.308	0.113
0.005	0.073	0.031	0.891
0.018	0.062	0.032	0.888
0.006	0.142	0.016	0.836
0.061	0.870	0.032	0.037
0.251	0.506	0.016	0.227
0.208	0.013	0.495	0.284
0.039	0.088	0.790	0.083
>AGGAAAGCGC	16-AGGAAAGCGC	6.614538	-9.799134	0	T:457.0(18.03%),B:7282.2(15.19%),P:1e-4	Tpos:2280.2,Tstd:2663.9,Bpos:1187.1,Bstd:715.1,StrandBias:-0.0,Multiplicity:1.15
0.660	0.028	0.158	0.154
0.175	0.030	0.670	0.125
0.170	0.152	0.587	0.091
0.649	0.127	0.128	0.096
0.691	0.120	0.113	0.076
0.644	0.054	0.132	0.170
0.209	0.143	0.514	0.134
0.172	0.434	0.188	0.205
0.171	0.188	0.448	0.193
0.130	0.542	0.180	0.148
>DCATTTCACA	17-DCATTTCACA	7.801416	-9.375052	0	T:409.0(16.13%),B:6472.6(13.50%),P:1e-4	Tpos:2191.0,Tstd:2294.8,Bpos:1179.2,Bstd:721.3,StrandBias:-0.2,Multiplicity:1.17
0.286	0.001	0.348	0.365
0.282	0.583	0.043	0.092
0.876	0.122	0.001	0.001
0.222	0.004	0.258	0.516
0.307	0.001	0.166	0.526
0.273	0.220	0.018	0.489
0.228	0.583	0.051	0.138
0.797	0.001	0.031	0.171
0.254	0.549	0.196	0.001
0.861	0.002	0.001	0.136
>CDTTTAAAGG	18-CDTTTAAAGG	8.300600	-9.328274	0	T:348.0(13.73%),B:5411.8(11.29%),P:1e-4	Tpos:2432.0,Tstd:2760.6,Bpos:1208.3,Bstd:718.7,StrandBias:0.2,Multiplicity:1.17
0.078	0.644	0.088	0.190
0.332	0.016	0.357	0.296
0.044	0.069	0.088	0.799
0.113	0.054	0.038	0.795
0.076	0.207	0.070	0.647
0.708	0.042	0.045	0.205
0.703	0.095	0.095	0.107
0.892	0.005	0.041	0.062
0.080	0.017	0.828	0.075
0.045	0.043	0.781	0.131
>TTCATTAGCA	19-TTCATTAGCA	13.288968	-9.037354	0	T:32.0(1.26%),B:289.7(0.60%),P:1e-3	Tpos:2407.4,Tstd:2250.5,Bpos:1196.1,Bstd:712.7,StrandBias:-0.5,Multiplicity:1.00
0.001	0.001	0.001	0.997
0.001	0.001	0.001	0.997
0.163	0.835	0.001	0.001
0.691	0.001	0.163	0.145
0.001	0.001	0.001	0.997
0.001	0.001	0.001	0.997
0.997	0.001	0.001	0.001
0.001	0.001	0.997	0.001
0.001	0.997	0.001	0.001
0.997	0.001	0.001	0.001
>GTAACTTTNC	20-GTAACTTTNC	8.417824	-8.619240	0	T:427.0(16.84%),B:6851.3(14.29%),P:1e-3	Tpos:2493.9,Tstd:2867.0,Bpos:1173.7,Bstd:724.3,StrandBias:0.0,Multiplicity:1.25
0.058	0.001	0.801	0.140
0.001	0.001	0.001	0.997
0.602	0.113	0.107	0.178
0.848	0.077	0.074	0.001
0.006	0.935	0.001	0.058
0.083	0.001	0.001	0.915
0.001	0.001	0.046	0.952
0.121	0.318	0.055	0.506
0.282	0.289	0.258	0.172
0.073	0.796	0.011	0.120
>CCTAACAGGG	21-CCTAACAGGG	10.988590	-8.163559	0	T:27.0(1.07%),B:239.7(0.50%),P:1e-3	Tpos:1551.4,Tstd:2152.2,Bpos:1293.2,Bstd:724.4,StrandBias:1.0,Multiplicity:1.69
0.001	0.997	0.001	0.001
0.001	0.997	0.001	0.001
0.001	0.001	0.001	0.997
0.997	0.001	0.001	0.001
0.997	0.001	0.001	0.001
0.001	0.997	0.001	0.001
0.811	0.130	0.058	0.001
0.001	0.001	0.997	0.001
0.001	0.001	0.997	0.001
0.001	0.001	0.997	0.001
>TTACGTAAGA	22-TTACGTAAGA	8.012996	-6.043212	0	T:579.0(22.84%),B:9841.5(20.53%),P:1e-2	Tpos:2112.4,Tstd:2491.9,Bpos:1205.2,Bstd:711.7,StrandBias:-0.0,Multiplicity:1.33
0.041	0.051	0.001	0.907
0.029	0.041	0.009	0.921
0.791	0.086	0.021	0.102
0.184	0.514	0.123	0.179
0.205	0.118	0.534	0.143
0.035	0.054	0.027	0.884
0.823	0.075	0.008	0.094
0.898	0.001	0.006	0.095
0.096	0.030	0.809	0.065
0.921	0.038	0.030	0.011
>TTTTAVNCAC	23-TTTTAVNCAC	7.819534	-4.892524	0	T:778.0(30.69%),B:13651.0(28.48%),P:1e-2	Tpos:2145.0,Tstd:2411.3,Bpos:1193.4,Bstd:716.6,StrandBias:-0.1,Multiplicity:1.40
0.089	0.006	0.029	0.876
0.042	0.020	0.053	0.885
0.094	0.074	0.001	0.831
0.097	0.090	0.005	0.808
0.832	0.132	0.032	0.004
0.332	0.355	0.210	0.104
0.252	0.174	0.318	0.257
0.047	0.821	0.047	0.085
0.862	0.044	0.001	0.093
0.125	0.762	0.092	0.021
>CGCCCTACTG	24-CGCCCTACTG	8.350283	-4.041459	0	T:153.0(6.04%),B:2434.1(5.08%),P:1e-1	Tpos:2366.2,Tstd:2798.5,Bpos:1197.6,Bstd:701.1,StrandBias:0.7,Multiplicity:1.23
0.100	0.700	0.100	0.100
0.100	0.100	0.700	0.100
0.100	0.700	0.100	0.100
0.100	0.700	0.100	0.100
0.100	0.700	0.100	0.100
0.100	0.100	0.100	0.700
0.700	0.100	0.100	0.100
0.100	0.700	0.100	0.100
0.100	0.100	0.100	0.700
0.100	0.100	0.700	0.100
>CCTGTGTGAT	25-CCTGTGTGAT	12.132153	-2.382741	0	T:39.0(1.54%),B:587.3(1.23%),P:1e-1	Tpos:1941.5,Tstd:3275.5,Bpos:1192.1,Bstd:730.1,StrandBias:1.9,Multiplicity:2.10
0.001	0.997	0.001	0.001
0.001	0.728	0.089	0.182
0.001	0.001	0.001	0.997
0.001	0.001	0.997	0.001
0.001	0.001	0.001	0.997
0.001	0.001	0.997	0.001
0.001	0.001	0.001	0.997
0.001	0.001	0.997	0.001
0.997	0.001	0.001	0.001
0.001	0.001	0.001	0.997
