>ATGACTCA	1-ATGACTCA	9.443396	-97.345558	0	T:629.0(24.81%),B:6925.8(14.45%),P:1e-42	Tpos:2031.7,Tstd:2234.1,Bpos:1196.6,Bstd:728.1,StrandBias:0.0,Multiplicity:1.23
0.704	0.092	0.203	0.001
0.001	0.001	0.001	0.997
0.001	0.001	0.997	0.001
0.997	0.001	0.001	0.001
0.001	0.699	0.299	0.001
0.001	0.001	0.001	0.997
0.069	0.929	0.001	0.001
0.997	0.001	0.001	0.001
>CATTTCCT	2-CATTTCCT	9.906393	-55.633887	0	T:1071.0(42.25%),B:15581.3(32.50%),P:1e-24	Tpos:2143.8,Tstd:2604.8,Bpos:1203.9,Bstd:729.2,StrandBias:0.0,Multiplicity:1.51
0.001	0.893	0.105	0.001
0.965	0.001	0.033	0.001
0.001	0.382	0.001	0.616
0.001	0.001	0.001	0.997
0.001	0.001	0.001	0.997
0.001	0.997	0.001	0.001
0.001	0.997	0.001	0.001
0.001	0.001	0.057	0.941
>ACAGGAAG	3-ACAGGAAG	9.319867	-41.891932	0	T:1035.0(40.83%),B:15562.5(32.46%),P:1e-18	Tpos:2229.1,Tstd:2718.6,Bpos:1192.1,Bstd:721.9,StrandBias:-0.0,Multiplicity:1.48
0.888	0.001	0.001	0.110
0.001	0.997	0.001	0.001
0.997	0.001	0.001	0.001
0.001	0.001	0.997	0.001
0.001	0.001	0.997	0.001
0.997	0.001	0.001	0.001
0.865	0.025	0.001	0.109
0.225	0.074	0.700	0.001
>GGTGTGGC	4-GGTGTGGC	10.285390	-32.304423	0	T:345.0(13.61%),B:4293.0(8.96%),P:1e-14	Tpos:2294.3,Tstd:2936.6,Bpos:1185.6,Bstd:727.2,StrandBias:0.1,Multiplicity:1.15
0.001	0.001	0.997	0.001
0.001	0.001	0.997	0.001
0.001	0.067	0.001	0.931
0.001	0.001	0.997	0.001
0.001	0.048	0.210	0.741
0.041	0.001	0.957	0.001
0.092	0.001	0.790	0.117
0.001	0.865	0.133	0.001
>GGGCGGGG	5-GGGCGGGG	9.676709	-25.042754	0	T:449.0(17.71%),B:6249.5(13.04%),P:1e-10	Tpos:2686.1,Tstd:3225.5,Bpos:1202.8,Bstd:611.6,StrandBias:-0.0,Multiplicity:1.70
0.001	0.001	0.997	0.001
0.001	0.001	0.997	0.001
0.001	0.001	0.997	0.001
0.001	0.960	0.001	0.038
0.001	0.001	0.997	0.001
0.001	0.001	0.997	0.001
0.258	0.001	0.740	0.001
0.001	0.001	0.997	0.001
>GCCACACC	6-GCCACACC	8.087564	-22.722069	0	T:787.0(31.05%),B:12198.1(25.45%),P:1e-9	Tpos:2293.9,Tstd:2719.2,Bpos:1216.7,Bstd:722.9,StrandBias:0.0,Multiplicity:1.36
0.107	0.227	0.664	0.002
0.250	0.554	0.016	0.180
0.046	0.859	0.001	0.094
0.865	0.092	0.042	0.001
0.017	0.870	0.052	0.061
0.668	0.191	0.073	0.068
0.001	0.997	0.001	0.001
0.001	0.917	0.081	0.001
>TAAGCTTG	7-TAAGCTTG	8.306943	-20.643446	0	T:494.0(19.49%),B:7221.7(15.07%),P:1e-8	Tpos:1972.8,Tstd:2255.5,Bpos:1198.0,Bstd:719.6,StrandBias:0.2,Multiplicity:1.18
0.187	0.001	0.102	0.710
0.997	0.001	0.001	0.001
0.835	0.001	0.136	0.028
0.033	0.064	0.902	0.001
0.039	0.894	0.001	0.066
0.001	0.068	0.001	0.930
0.059	0.001	0.001	0.939
0.029	0.001	0.912	0.058
>GCCCCACC	8-GCCCCACC	10.418469	-16.133854	0	T:499.0(19.68%),B:7567.7(15.79%),P:1e-7	Tpos:2355.1,Tstd:2549.5,Bpos:1190.2,Bstd:727.4,StrandBias:0.1,Multiplicity:1.38
0.274	0.001	0.724	0.001
0.001	0.997	0.001	0.001
0.001	0.997	0.001	0.001
0.001	0.905	0.093	0.001
0.132	0.866	0.001	0.001
0.997	0.001	0.001	0.001
0.001	0.997	0.001	0.001
0.001	0.911	0.087	0.001
>CATTCCTG	9-CATTCCTG	10.641892	-13.446719	0	T:443.0(17.48%),B:6771.9(14.13%),P:1e-5	Tpos:2276.8,Tstd:2501.6,Bpos:1194.8,Bstd:731.0,StrandBias:0.1,Multiplicity:1.22
0.001	0.706	0.292	0.001
0.921	0.001	0.077	0.001
0.001	0.001	0.001	0.997
0.001	0.001	0.001	0.997
0.001	0.997	0.001	0.001
0.001	0.997	0.001	0.001
0.001	0.001	0.001	0.997
0.001	0.001	0.997	0.001
>GGGTGGAG	10-GGGTGGAG	10.916182	-11.699930	0	T:550.0(21.70%),B:8773.0(18.30%),P:1e-5	Tpos:2384.0,Tstd:2797.2,Bpos:1193.9,Bstd:720.8,StrandBias:-0.1,Multiplicity:1.34
0.001	0.001	0.997	0.001
0.001	0.001	0.997	0.001
0.001	0.001	0.997	0.001
0.001	0.001	0.049	0.949
0.001	0.001	0.949	0.049
0.001	0.001	0.997	0.001
0.947	0.001	0.051	0.001
0.001	0.001	0.997	0.001
>GCGTTTTC	11-GCGTTTTC	8.205513	-11.209681	0	T:380.0(14.99%),B:5832.6(12.17%),P:1e-4	Tpos:2045.0,Tstd:2441.9,Bpos:1218.8,Bstd:708.4,StrandBias:0.2,Multiplicity:1.13
0.033	0.001	0.965	0.001
0.129	0.713	0.075	0.083
0.072	0.001	0.926	0.001
0.001	0.039	0.042	0.918
0.001	0.001	0.026	0.972
0.018	0.039	0.061	0.882
0.001	0.130	0.028	0.841
0.036	0.857	0.067	0.040
>AGGGCGTT	12-AGGGCGTT	7.348915	-11.174417	0	T:409.0(16.13%),B:6337.7(13.22%),P:1e-4	Tpos:2355.0,Tstd:2758.7,Bpos:1193.4,Bstd:723.5,StrandBias:0.1,Multiplicity:1.16
0.841	0.048	0.064	0.047
0.129	0.066	0.786	0.019
0.117	0.041	0.746	0.096
0.088	0.072	0.706	0.134
0.167	0.660	0.068	0.105
0.107	0.043	0.709	0.141
0.026	0.043	0.099	0.832
0.066	0.034	0.175	0.725
>GCTGTTTA	13-GCTGTTTA	8.045903	-11.173441	0	T:574.0(22.64%),B:9241.1(19.28%),P:1e-4	Tpos:2380.4,Tstd:2770.0,Bpos:1210.1,Bstd:724.1,StrandBias:0.2,Multiplicity:1.29
0.048	0.001	0.875	0.076
0.106	0.816	0.077	0.001
0.086	0.001	0.006	0.907
0.084	0.001	0.914	0.001
0.001	0.001	0.001	0.997
0.001	0.021	0.001	0.977
0.139	0.050	0.001	0.810
0.785	0.085	0.040	0.090
>TTAGCATA	14-TTAGCATA	8.988919	-10.885051	0	T:500.0(19.72%),B:7953.8(16.59%),P:1e-4	Tpos:2076.2,Tstd:2420.2,Bpos:1198.6,Bstd:712.4,StrandBias:0.0,Multiplicity:1.25
0.001	0.053	0.001	0.945
0.001	0.001	0.001	0.997
0.744	0.021	0.001	0.234
0.001	0.001	0.953	0.045
0.001	0.997	0.001	0.001
0.953	0.001	0.001	0.045
0.001	0.124	0.137	0.738
0.830	0.001	0.083	0.086
>GCCGTTTA	15-GCCGTTTA	8.349339	-10.399774	0	T:406.0(16.02%),B:6341.6(13.23%),P:1e-4	Tpos:2130.8,Tstd:2477.6,Bpos:1202.2,Bstd:717.7,StrandBias:0.1,Multiplicity:1.17
0.053	0.001	0.894	0.052
0.001	0.997	0.001	0.001
0.115	0.763	0.001	0.121
0.125	0.186	0.604	0.085
0.001	0.038	0.001	0.960
0.001	0.032	0.049	0.918
0.024	0.001	0.001	0.974
0.884	0.027	0.034	0.055
>AAACCGTT	16-AAACCGTT	8.059826	-8.224445	0	T:714.0(28.17%),B:12046.9(25.13%),P:1e-3	Tpos:2240.6,Tstd:2534.7,Bpos:1193.1,Bstd:715.9,StrandBias:-0.0,Multiplicity:1.35
0.947	0.001	0.022	0.030
0.927	0.001	0.046	0.026
0.966	0.001	0.001	0.032
0.115	0.777	0.001	0.107
0.082	0.784	0.001	0.133
0.001	0.076	0.766	0.157
0.072	0.001	0.001	0.926
0.001	0.001	0.041	0.957
>GTGCYTAA	17-GTGCYTAA	7.842073	-8.211725	0	T:550.0(21.70%),B:9080.6(18.94%),P:1e-3	Tpos:2313.7,Tstd:2502.7,Bpos:1196.2,Bstd:731.6,StrandBias:0.0,Multiplicity:1.29
0.294	0.091	0.614	0.001
0.061	0.001	0.001	0.937
0.021	0.001	0.886	0.092
0.383	0.567	0.049	0.001
0.089	0.335	0.108	0.468
0.204	0.001	0.001	0.794
0.849	0.001	0.001	0.149
0.881	0.001	0.007	0.111
>AGCTTTAC	18-AGCTTTAC	8.136311	-7.817094	0	T:273.0(10.77%),B:4223.6(8.81%),P:1e-3	Tpos:2451.8,Tstd:2880.1,Bpos:1175.2,Bstd:732.2,StrandBias:0.0,Multiplicity:1.14
0.940	0.009	0.050	0.001
0.089	0.001	0.909	0.001
0.001	0.826	0.121	0.052
0.073	0.029	0.046	0.852
0.001	0.001	0.001	0.997
0.083	0.001	0.001	0.915
0.817	0.109	0.073	0.001
0.083	0.794	0.057	0.066
>GAAAGCAC	19-GAAAGCAC	8.389253	-7.037203	0	T:540.0(21.30%),B:9021.2(18.82%),P:1e-3	Tpos:2367.4,Tstd:2729.0,Bpos:1201.7,Bstd:721.1,StrandBias:-0.2,Multiplicity:1.24
0.128	0.118	0.690	0.064
0.997	0.001	0.001	0.001
0.997	0.001	0.001	0.001
0.989	0.009	0.001	0.001
0.060	0.082	0.857	0.001
0.001	0.916	0.001	0.082
0.857	0.063	0.029	0.051
0.135	0.793	0.001	0.071
>GAATTCCT	20-GAATTCCT	10.862636	-5.221749	0	T:322.0(12.70%),B:5305.1(11.07%),P:1e-2	Tpos:2141.4,Tstd:2412.8,Bpos:1202.6,Bstd:715.3,StrandBias:-0.1,Multiplicity:1.12
0.076	0.001	0.922	0.001
0.921	0.051	0.027	0.001
0.997	0.001	0.001	0.001
0.001	0.001	0.001	0.997
0.001	0.001	0.001	0.997
0.001	0.997	0.001	0.001
0.001	0.997	0.001	0.001
0.046	0.001	0.001	0.952
>GATTTACG	21-GATTTACG	6.753391	-5.002108	0	T:464.0(18.30%),B:7882.6(16.44%),P:1e-2	Tpos:2390.5,Tstd:2908.4,Bpos:1208.2,Bstd:713.1,StrandBias:-0.1,Multiplicity:1.22
0.068	0.160	0.678	0.094
0.677	0.055	0.093	0.175
0.035	0.052	0.072	0.841
0.067	0.050	0.036	0.847
0.039	0.071	0.038	0.852
0.637	0.234	0.082	0.047
0.096	0.814	0.024	0.066
0.104	0.079	0.659	0.158
>TTTAAACG	22-TTTAAACG	8.943746	-4.625169	0	T:553.0(21.81%),B:9552.5(19.93%),P:1e-2	Tpos:2434.2,Tstd:3008.7,Bpos:1204.1,Bstd:713.6,StrandBias:-0.1,Multiplicity:1.34
0.001	0.001	0.001	0.997
0.019	0.001	0.019	0.961
0.001	0.001	0.001	0.997
0.958	0.019	0.001	0.022
0.927	0.011	0.001	0.061
0.997	0.001	0.001	0.001
0.177	0.467	0.169	0.187
0.113	0.050	0.739	0.098
>CTTACTGA	23-CTTACTGA	8.706522	-4.379593	0	T:350.0(13.81%),B:5899.9(12.31%),P:1e-1	Tpos:2555.7,Tstd:3284.0,Bpos:1208.9,Bstd:731.5,StrandBias:0.4,Multiplicity:1.24
0.080	0.787	0.062	0.071
0.001	0.201	0.001	0.797
0.001	0.001	0.092	0.906
0.837	0.161	0.001	0.001
0.088	0.910	0.001	0.001
0.001	0.001	0.064	0.934
0.001	0.091	0.907	0.001
0.997	0.001	0.001	0.001
>TGTAATTT	24-TGTAATTT	8.781105	-3.973801	0	T:398.0(15.70%),B:6818.9(14.22%),P:1e-1	Tpos:2341.8,Tstd:2640.8,Bpos:1211.2,Bstd:706.5,StrandBias:0.2,Multiplicity:1.24
0.130	0.020	0.004	0.846
0.001	0.037	0.961	0.001
0.139	0.001	0.330	0.530
0.908	0.090	0.001	0.001
0.997	0.001	0.001	0.001
0.193	0.261	0.001	0.545
0.001	0.001	0.388	0.610
0.001	0.110	0.123	0.766
>CTACTCCC	25-CTACTCCC	9.463277	-3.074184	0	T:784.0(30.93%),B:14084.7(29.38%),P:1e-1	Tpos:2340.2,Tstd:2831.7,Bpos:1198.3,Bstd:722.1,StrandBias:0.2,Multiplicity:1.60
0.001	0.764	0.001	0.234
0.001	0.009	0.001	0.989
0.734	0.264	0.001	0.001
0.001	0.997	0.001	0.001
0.001	0.001	0.001	0.997
0.001	0.997	0.001	0.001
0.001	0.997	0.001	0.001
0.001	0.997	0.001	0.001
