>TGAGTCAT	1-TGAGTCAT	8.748454	-97.055968	0	T:1001.0(24.43%),B:7425.0(16.10%),P:1e-42	Tpos:1763.1,Tstd:2806.7,Bpos:907.0,Bstd:558.2,StrandBias:-0.0,Multiplicity:1.27
0.001	0.013	0.001	0.985
0.001	0.001	0.954	0.044
0.985	0.013	0.001	0.001
0.062	0.204	0.647	0.087
0.001	0.001	0.001	0.997
0.001	0.997	0.001	0.001
0.997	0.001	0.001	0.001
0.001	0.162	0.140	0.697
>ARCAGCTG	2-ARCAGCTG	9.947840	-68.517724	0	T:573.0(13.99%),B:3954.3(8.57%),P:1e-29	Tpos:1580.0,Tstd:2281.3,Bpos:911.5,Bstd:586.3,StrandBias:-0.0,Multiplicity:1.09
0.579	0.419	0.001	0.001
0.561	0.001	0.437	0.001
0.001	0.997	0.001	0.001
0.997	0.001	0.001	0.001
0.001	0.001	0.997	0.001
0.001	0.997	0.001	0.001
0.001	0.001	0.001	0.997
0.001	0.001	0.997	0.001
>AACATCTG	3-AACATCTG	10.421109	-53.142501	0	T:499.0(12.18%),B:3546.1(7.69%),P:1e-23	Tpos:1731.2,Tstd:2413.7,Bpos:901.8,Bstd:555.4,StrandBias:-0.1,Multiplicity:1.12
0.758	0.124	0.117	0.001
0.885	0.113	0.001	0.001
0.001	0.997	0.001	0.001
0.997	0.001	0.001	0.001
0.001	0.001	0.125	0.873
0.001	0.885	0.001	0.113
0.001	0.001	0.001	0.997
0.001	0.001	0.997	0.001
>AAACAGCT	4-AAACAGCT	8.369898	-36.128669	0	T:875.0(21.36%),B:7592.4(16.46%),P:1e-15	Tpos:1764.7,Tstd:2501.9,Bpos:899.2,Bstd:559.7,StrandBias:-0.2,Multiplicity:1.25
0.760	0.075	0.074	0.091
0.875	0.001	0.083	0.041
0.921	0.001	0.077	0.001
0.001	0.997	0.001	0.001
0.979	0.001	0.019	0.001
0.001	0.001	0.861	0.137
0.071	0.927	0.001	0.001
0.001	0.138	0.016	0.845
>CTTGCCAA	5-CTTGCCAA	7.920904	-35.932978	0	T:1275.0(31.12%),B:11745.0(25.47%),P:1e-15	Tpos:1877.5,Tstd:2942.0,Bpos:905.3,Bstd:561.7,StrandBias:0.1,Multiplicity:1.33
0.013	0.984	0.002	0.001
0.006	0.162	0.020	0.812
0.001	0.001	0.003	0.995
0.001	0.001	0.870	0.128
0.001	0.688	0.287	0.024
0.225	0.677	0.024	0.074
0.749	0.001	0.173	0.077
0.873	0.001	0.076	0.050
>KCTGSCAR	6-KCTGSCAR	7.801590	-32.814296	0	T:1703.0(41.57%),B:16469.4(35.71%),P:1e-14	Tpos:1976.7,Tstd:3431.6,Bpos:906.7,Bstd:567.3,StrandBias:-0.0,Multiplicity:1.64
0.001	0.193	0.418	0.388
0.079	0.595	0.001	0.325
0.001	0.089	0.001	0.909
0.001	0.009	0.906	0.084
0.001	0.426	0.572	0.001
0.104	0.831	0.064	0.001
0.951	0.001	0.046	0.002
0.564	0.001	0.434	0.001
>TTTGGCAC	7-TTTGGCAC	8.471560	-27.105969	0	T:921.0(22.48%),B:8374.8(18.16%),P:1e-11	Tpos:1947.3,Tstd:3169.9,Bpos:907.9,Bstd:557.5,StrandBias:0.0,Multiplicity:1.28
0.001	0.152	0.035	0.812
0.024	0.079	0.001	0.896
0.001	0.046	0.001	0.952
0.056	0.001	0.942	0.001
0.001	0.001	0.997	0.001
0.034	0.943	0.001	0.022
0.956	0.001	0.001	0.042
0.167	0.664	0.055	0.114
>KGCCAGGG	8-KGCCAGGG	9.948997	-25.307649	0	T:650.0(15.87%),B:5666.4(12.29%),P:1e-10	Tpos:2496.1,Tstd:4613.1,Bpos:908.1,Bstd:561.4,StrandBias:0.0,Multiplicity:1.29
0.001	0.152	0.379	0.467
0.001	0.001	0.997	0.001
0.001	0.997	0.001	0.001
0.001	0.855	0.143	0.001
0.997	0.001	0.001	0.001
0.001	0.186	0.812	0.001
0.001	0.001	0.997	0.001
0.001	0.001	0.997	0.001
>NGGAAACN	9-NGGAAACN	5.044325	-19.578697	0	T:1129.0(27.56%),B:10894.1(23.62%),P:1e-8	Tpos:2000.9,Tstd:3583.4,Bpos:907.8,Bstd:556.7,StrandBias:0.0,Multiplicity:1.33
0.233	0.253	0.212	0.302
0.102	0.136	0.609	0.153
0.206	0.164	0.535	0.095
0.580	0.162	0.180	0.078
0.688	0.120	0.143	0.049
0.516	0.158	0.214	0.112
0.164	0.517	0.198	0.121
0.226	0.260	0.321	0.193
>CCCGCGGC	10-CCCGCGGC	7.443526	-19.308905	0	T:451.0(11.01%),B:3871.7(8.40%),P:1e-8	Tpos:2934.5,Tstd:4526.6,Bpos:934.4,Bstd:464.6,StrandBias:0.1,Multiplicity:1.92
0.033	0.880	0.001	0.086
0.110	0.764	0.052	0.074
0.053	0.837	0.057	0.053
0.060	0.168	0.691	0.081
0.117	0.602	0.165	0.116
0.060	0.128	0.757	0.055
0.035	0.253	0.683	0.029
0.087	0.786	0.077	0.050
>GCTGGCTC	11-GCTGGCTC	8.260107	-18.484368	0	T:1164.0(28.41%),B:11325.1(24.56%),P:1e-8	Tpos:2488.9,Tstd:4786.4,Bpos:921.0,Bstd:564.3,StrandBias:-0.1,Multiplicity:1.63
0.044	0.001	0.954	0.001
0.046	0.952	0.001	0.001
0.002	0.296	0.001	0.701
0.200	0.001	0.796	0.003
0.176	0.001	0.726	0.097
0.001	0.997	0.001	0.001
0.001	0.221	0.001	0.777
0.001	0.593	0.207	0.199
>AGCTTTCG	12-AGCTTTCG	7.758463	-17.955731	0	T:437.0(10.67%),B:3777.0(8.19%),P:1e-7	Tpos:1970.7,Tstd:3600.7,Bpos:919.7,Bstd:558.0,StrandBias:0.1,Multiplicity:1.14
0.644	0.020	0.219	0.117
0.021	0.003	0.944	0.032
0.048	0.892	0.017	0.043
0.080	0.068	0.062	0.790
0.015	0.118	0.120	0.747
0.055	0.058	0.094	0.793
0.043	0.711	0.097	0.149
0.198	0.147	0.482	0.174
>SSGRGGRG	13-SSGRGGRG	5.323141	-17.319773	0	T:356.0(8.69%),B:2995.1(6.49%),P:1e-7	Tpos:2694.7,Tstd:3973.9,Bpos:919.6,Bstd:512.2,StrandBias:0.0,Multiplicity:1.34
0.001	0.540	0.458	0.001
0.207	0.336	0.456	0.001
0.285	0.118	0.496	0.102
0.364	0.167	0.468	0.001
0.239	0.173	0.459	0.129
0.338	0.001	0.596	0.065
0.407	0.133	0.356	0.105
0.287	0.008	0.562	0.143
>TGAAAGCA	14-TGAAAGCA	8.433439	-16.076149	0	T:797.0(19.45%),B:7550.2(16.37%),P:1e-6	Tpos:1947.9,Tstd:3160.9,Bpos:914.8,Bstd:564.1,StrandBias:-0.0,Multiplicity:1.24
0.090	0.041	0.001	0.868
0.096	0.078	0.768	0.058
0.930	0.068	0.001	0.001
0.997	0.001	0.001	0.001
0.997	0.001	0.001	0.001
0.106	0.001	0.808	0.085
0.001	0.921	0.077	0.001
0.813	0.153	0.033	0.001
>TTTCCTCG	15-TTTCCTCG	9.031226	-15.389878	0	T:951.0(23.21%),B:9214.5(19.98%),P:1e-6	Tpos:1996.4,Tstd:3423.1,Bpos:910.0,Bstd:560.2,StrandBias:-0.0,Multiplicity:1.27
0.001	0.061	0.018	0.920
0.015	0.029	0.049	0.907
0.001	0.032	0.034	0.933
0.015	0.942	0.042	0.001
0.013	0.985	0.001	0.001
0.001	0.001	0.002	0.996
0.001	0.788	0.210	0.001
0.001	0.184	0.590	0.225
>CTGCCGTK	16-CTGCCGTK	7.261138	-15.202892	0	T:555.0(13.55%),B:5074.6(11.00%),P:1e-6	Tpos:2286.7,Tstd:3619.4,Bpos:918.3,Bstd:550.1,StrandBias:0.1,Multiplicity:1.24
0.001	0.822	0.038	0.139
0.128	0.094	0.001	0.777
0.001	0.197	0.565	0.237
0.109	0.635	0.002	0.254
0.001	0.693	0.305	0.001
0.001	0.001	0.997	0.001
0.001	0.177	0.178	0.644
0.001	0.001	0.490	0.508
>CAGAAACG	17-CAGAAACG	8.567562	-14.808657	0	T:749.0(18.28%),B:7108.3(15.41%),P:1e-6	Tpos:1850.1,Tstd:2712.5,Bpos:919.4,Bstd:559.3,StrandBias:-0.2,Multiplicity:1.20
0.036	0.856	0.107	0.001
0.944	0.001	0.001	0.054
0.037	0.022	0.928	0.013
0.966	0.001	0.001	0.032
0.997	0.001	0.001	0.001
0.957	0.028	0.001	0.014
0.079	0.752	0.001	0.168
0.128	0.131	0.691	0.050
>TAAATCCG	18-TAAATCCG	8.594021	-11.570835	0	T:582.0(14.21%),B:5521.5(11.97%),P:1e-5	Tpos:1756.1,Tstd:2689.2,Bpos:911.7,Bstd:545.3,StrandBias:0.1,Multiplicity:1.16
0.064	0.019	0.049	0.868
0.887	0.001	0.032	0.080
0.997	0.001	0.001	0.001
0.946	0.052	0.001	0.001
0.040	0.001	0.043	0.916
0.001	0.972	0.001	0.026
0.168	0.667	0.001	0.164
0.101	0.072	0.777	0.050
>CGGGAAAG	19-CGGGAAAG	8.177728	-11.387977	0	T:788.0(19.23%),B:7705.2(16.71%),P:1e-4	Tpos:2048.9,Tstd:3047.8,Bpos:906.8,Bstd:552.4,StrandBias:-0.2,Multiplicity:1.27
0.109	0.770	0.120	0.001
0.001	0.118	0.773	0.108
0.001	0.001	0.952	0.046
0.001	0.022	0.976	0.001
0.909	0.001	0.056	0.034
0.874	0.055	0.053	0.018
0.830	0.048	0.121	0.001
0.001	0.001	0.976	0.022
>GGGAGGAG	20-GGGAGGAG	10.427904	-8.364989	0	T:1023.0(24.97%),B:10443.4(22.65%),P:1e-3	Tpos:2562.3,Tstd:4742.7,Bpos:907.5,Bstd:548.4,StrandBias:-0.0,Multiplicity:1.59
0.001	0.047	0.951	0.001
0.001	0.026	0.972	0.001
0.001	0.001	0.997	0.001
0.904	0.001	0.001	0.094
0.001	0.036	0.962	0.001
0.001	0.149	0.849	0.001
0.997	0.001	0.001	0.001
0.238	0.001	0.760	0.001
>TTTTCCCG	21-TTTTCCCG	7.606721	-7.777718	0	T:804.0(19.62%),B:8116.8(17.60%),P:1e-3	Tpos:2092.2,Tstd:4020.3,Bpos:910.0,Bstd:554.0,StrandBias:0.0,Multiplicity:1.21
0.194	0.169	0.083	0.554
0.032	0.059	0.098	0.811
0.029	0.065	0.062	0.844
0.035	0.113	0.063	0.789
0.018	0.824	0.037	0.121
0.124	0.820	0.016	0.040
0.208	0.630	0.062	0.100
0.106	0.082	0.730	0.082
>TTAAAAGC	22-TTAAAAGC	7.867196	-7.617771	0	T:986.0(24.07%),B:10101.7(21.90%),P:1e-3	Tpos:1950.9,Tstd:3305.0,Bpos:909.0,Bstd:553.6,StrandBias:-0.0,Multiplicity:1.33
0.039	0.069	0.046	0.846
0.083	0.001	0.137	0.779
0.893	0.068	0.001	0.038
0.932	0.001	0.066	0.001
0.955	0.043	0.001	0.001
0.958	0.001	0.001	0.040
0.064	0.061	0.801	0.074
0.001	0.930	0.068	0.001
>YCCAAAGC	23-YCCAAAGC	8.736668	-6.703225	0	T:812.0(19.82%),B:8287.6(17.97%),P:1e-2	Tpos:1987.5,Tstd:3623.8,Bpos:915.7,Bstd:559.4,StrandBias:-0.1,Multiplicity:1.27
0.081	0.506	0.001	0.412
0.008	0.527	0.186	0.279
0.110	0.888	0.001	0.001
0.840	0.063	0.009	0.088
0.592	0.103	0.304	0.001
0.997	0.001	0.001	0.001
0.001	0.001	0.997	0.001
0.001	0.997	0.001	0.001
>CTCGGAAC	24-CTCGGAAC	7.144383	-5.430997	0	T:697.0(17.01%),B:7149.1(15.50%),P:1e-2	Tpos:2218.8,Tstd:4459.3,Bpos:915.3,Bstd:554.1,StrandBias:-0.0,Multiplicity:1.27
0.057	0.735	0.078	0.130
0.092	0.076	0.070	0.762
0.072	0.658	0.119	0.151
0.094	0.046	0.719	0.141
0.037	0.050	0.820	0.093
0.821	0.076	0.065	0.038
0.785	0.012	0.159	0.044
0.089	0.704	0.122	0.085
>ACACACAC	25-ACACACAC	8.236954	-4.978685	0	T:909.0(22.19%),B:9503.9(20.61%),P:1e-2	Tpos:2211.6,Tstd:3706.7,Bpos:915.8,Bstd:565.2,StrandBias:-0.0,Multiplicity:2.11
0.700	0.100	0.100	0.100
0.100	0.700	0.100	0.100
0.700	0.100	0.100	0.100
0.100	0.700	0.100	0.100
0.700	0.100	0.100	0.100
0.100	0.700	0.100	0.100
0.700	0.100	0.100	0.100
0.100	0.700	0.100	0.100
