>ATGASTCABNNN	1-ATGASTCABNNN	8.629126	-131.290054	0	T:985.0(24.04%),B:6716.0(14.56%),P:1e-57	Tpos:1744.5,Tstd:2746.6,Bpos:911.7,Bstd:560.0,StrandBias:0.0,Multiplicity:1.24
0.474	0.277	0.221	0.027
0.004	0.001	0.005	0.990
0.014	0.011	0.916	0.059
0.997	0.001	0.001	0.001
0.128	0.446	0.301	0.125
0.005	0.001	0.001	0.993
0.081	0.890	0.001	0.028
0.988	0.010	0.001	0.001
0.081	0.260	0.273	0.386
0.222	0.295	0.221	0.262
0.286	0.237	0.250	0.227
0.219	0.284	0.210	0.287
>NACAGCTGTTTN	2-NACAGCTGTTTN	9.261251	-72.292241	0	T:556.0(13.57%),B:3743.3(8.12%),P:1e-31	Tpos:1744.6,Tstd:2474.0,Bpos:904.8,Bstd:564.5,StrandBias:0.1,Multiplicity:1.13
0.334	0.264	0.206	0.197
0.521	0.243	0.125	0.111
0.143	0.842	0.014	0.001
0.888	0.001	0.001	0.110
0.075	0.001	0.796	0.128
0.189	0.722	0.001	0.088
0.001	0.001	0.001	0.997
0.008	0.011	0.879	0.102
0.008	0.172	0.158	0.662
0.054	0.131	0.151	0.664
0.001	0.080	0.126	0.793
0.199	0.263	0.252	0.285
>YTTGGCAGGAAA	3-YTTGGCAGGAAA	9.042768	-54.199570	0	T:805.0(19.65%),B:6411.9(13.90%),P:1e-23	Tpos:2033.7,Tstd:3544.5,Bpos:902.2,Bstd:556.4,StrandBias:0.1,Multiplicity:1.26
0.133	0.416	0.161	0.290
0.017	0.247	0.015	0.721
0.026	0.032	0.163	0.779
0.051	0.006	0.900	0.043
0.086	0.203	0.704	0.007
0.247	0.628	0.108	0.017
0.962	0.001	0.001	0.036
0.247	0.001	0.738	0.014
0.202	0.051	0.649	0.098
0.584	0.028	0.350	0.038
0.755	0.107	0.107	0.031
0.650	0.071	0.212	0.067
>MAAATGTTTCCA	4-MAAATGTTTCCA	9.796592	-37.109981	0	T:351.0(8.57%),B:2494.1(5.41%),P:1e-16	Tpos:1700.4,Tstd:2718.3,Bpos:894.6,Bstd:551.2,StrandBias:0.0,Multiplicity:1.08
0.286	0.418	0.205	0.091
0.976	0.012	0.001	0.011
0.531	0.155	0.152	0.162
0.635	0.195	0.018	0.152
0.180	0.050	0.003	0.767
0.155	0.011	0.833	0.001
0.070	0.347	0.017	0.566
0.001	0.001	0.017	0.981
0.046	0.029	0.108	0.817
0.084	0.679	0.013	0.224
0.215	0.741	0.001	0.043
0.570	0.188	0.001	0.241
>AGGCTGTGRTTT	5-AGGCTGTGRTTT	9.478914	-36.508061	0	T:429.0(10.47%),B:3220.3(6.98%),P:1e-15	Tpos:1736.3,Tstd:2183.2,Bpos:895.1,Bstd:554.6,StrandBias:0.1,Multiplicity:1.09
0.793	0.097	0.020	0.090
0.274	0.059	0.629	0.038
0.107	0.089	0.762	0.042
0.022	0.929	0.027	0.022
0.060	0.001	0.008	0.931
0.032	0.090	0.752	0.126
0.072	0.035	0.119	0.774
0.082	0.033	0.673	0.212
0.424	0.065	0.310	0.201
0.018	0.014	0.047	0.921
0.024	0.055	0.098	0.823
0.098	0.135	0.020	0.747
>CCAGATGTGAAA	6-CCAGATGTGAAA	9.250870	-36.054969	0	T:440.0(10.74%),B:3332.0(7.23%),P:1e-15	Tpos:1716.9,Tstd:2559.7,Bpos:908.3,Bstd:555.2,StrandBias:0.0,Multiplicity:1.11
0.085	0.696	0.094	0.125
0.078	0.824	0.020	0.078
0.860	0.003	0.013	0.124
0.095	0.134	0.747	0.024
0.730	0.135	0.025	0.110
0.105	0.017	0.051	0.827
0.033	0.079	0.723	0.165
0.119	0.003	0.086	0.792
0.082	0.105	0.707	0.106
0.652	0.088	0.118	0.142
0.724	0.174	0.057	0.045
0.718	0.078	0.081	0.123
>TTTGCCAGCAAA	7-TTTGCCAGCAAA	8.438154	-34.644889	0	T:708.0(17.28%),B:5959.1(12.92%),P:1e-15	Tpos:2184.6,Tstd:3826.3,Bpos:899.7,Bstd:557.3,StrandBias:-0.2,Multiplicity:1.19
0.047	0.134	0.019	0.800
0.023	0.114	0.086	0.777
0.080	0.085	0.117	0.718
0.137	0.148	0.590	0.125
0.072	0.689	0.115	0.124
0.143	0.787	0.065	0.005
0.857	0.058	0.001	0.084
0.132	0.021	0.803	0.044
0.147	0.680	0.131	0.042
0.816	0.078	0.056	0.050
0.701	0.110	0.153	0.036
0.769	0.043	0.116	0.072
>TTCCAAAGCCAA	8-TTCCAAAGCCAA	8.910643	-34.075472	0	T:542.0(13.23%),B:4347.1(9.43%),P:1e-14	Tpos:1970.0,Tstd:3316.9,Bpos:911.4,Bstd:554.9,StrandBias:0.1,Multiplicity:1.15
0.070	0.075	0.079	0.776
0.075	0.082	0.098	0.745
0.085	0.729	0.080	0.106
0.085	0.775	0.046	0.094
0.766	0.079	0.072	0.083
0.733	0.078	0.119	0.070
0.762	0.060	0.097	0.081
0.109	0.076	0.738	0.077
0.101	0.736	0.081	0.082
0.114	0.730	0.068	0.088
0.773	0.072	0.074	0.081
0.736	0.092	0.093	0.079
>CTGCCAGCTGGC	9-CTGCCAGCTGGC	7.959946	-33.863897	0	T:746.0(18.21%),B:6361.9(13.80%),P:1e-14	Tpos:2326.7,Tstd:4475.9,Bpos:919.7,Bstd:567.2,StrandBias:0.0,Multiplicity:1.28
0.137	0.549	0.160	0.154
0.211	0.092	0.089	0.608
0.069	0.137	0.652	0.142
0.119	0.532	0.250	0.099
0.111	0.716	0.094	0.079
0.647	0.086	0.081	0.186
0.078	0.097	0.705	0.120
0.090	0.704	0.132	0.074
0.258	0.082	0.069	0.591
0.077	0.079	0.702	0.142
0.109	0.189	0.561	0.141
0.170	0.515	0.154	0.161
>CCGGCAGCCGGG	10-CCGGCAGCCGGG	9.286126	-33.642579	0	T:470.0(11.47%),B:3668.1(7.95%),P:1e-14	Tpos:2442.0,Tstd:4144.5,Bpos:921.9,Bstd:512.9,StrandBias:0.1,Multiplicity:1.39
0.044	0.914	0.034	0.008
0.073	0.809	0.073	0.045
0.081	0.034	0.800	0.085
0.053	0.055	0.873	0.019
0.054	0.844	0.090	0.012
0.843	0.058	0.041	0.058
0.018	0.075	0.850	0.057
0.046	0.860	0.057	0.037
0.068	0.801	0.070	0.061
0.084	0.037	0.776	0.103
0.066	0.070	0.806	0.058
0.036	0.055	0.827	0.082
>GCTGGCAGCCAG	11-GCTGGCAGCCAG	2.789976	-32.990068	0	T:394.0(9.62%),B:2968.1(6.44%),P:1e-14	Tpos:2080.7,Tstd:3389.3,Bpos:904.5,Bstd:573.1,StrandBias:-0.1,Multiplicity:1.13
0.001	0.001	0.997	0.001
0.001	0.997	0.001	0.001
0.001	0.001	0.001	0.997
0.001	0.001	0.997	0.001
0.001	0.001	0.997	0.001
0.001	0.997	0.001	0.001
0.623	0.001	0.001	0.375
0.001	0.001	0.997	0.001
0.001	0.997	0.001	0.001
0.001	0.997	0.001	0.001
0.997	0.001	0.001	0.001
0.001	0.001	0.997	0.001
>GGGGAAAAAAAA	12-GGGGAAAAAAAA	11.768993	-22.546279	0	T:235.0(5.74%),B:1718.4(3.73%),P:1e-9	Tpos:2002.9,Tstd:3459.4,Bpos:915.3,Bstd:563.2,StrandBias:0.4,Multiplicity:1.09
0.078	0.001	0.868	0.053
0.091	0.049	0.721	0.139
0.144	0.001	0.791	0.064
0.137	0.074	0.777	0.012
0.727	0.059	0.203	0.011
0.907	0.005	0.049	0.039
0.910	0.017	0.061	0.012
0.851	0.036	0.100	0.013
0.795	0.067	0.068	0.070
0.837	0.097	0.051	0.015
0.815	0.024	0.138	0.023
0.821	0.045	0.071	0.063
>GGGGGKGGGGGG	13-GGGGGKGGGGGG	11.625491	-19.179949	0	T:332.0(8.10%),B:2708.8(5.87%),P:1e-8	Tpos:2401.5,Tstd:3626.7,Bpos:931.1,Bstd:522.1,StrandBias:0.0,Multiplicity:1.39
0.091	0.041	0.867	0.001
0.005	0.109	0.885	0.001
0.001	0.067	0.931	0.001
0.018	0.052	0.929	0.001
0.001	0.069	0.929	0.001
0.152	0.105	0.388	0.354
0.044	0.040	0.915	0.001
0.001	0.079	0.864	0.056
0.001	0.058	0.940	0.001
0.001	0.030	0.936	0.033
0.034	0.001	0.964	0.001
0.066	0.190	0.743	0.001
>GTGTGTGTGTGT	14-GTGTGTGTGTGT	12.559024	-18.893404	0	T:479.0(11.69%),B:4164.7(9.03%),P:1e-8	Tpos:1933.0,Tstd:2873.2,Bpos:915.2,Bstd:562.2,StrandBias:0.0,Multiplicity:1.73
0.001	0.024	0.974	0.001
0.033	0.028	0.001	0.938
0.001	0.007	0.991	0.001
0.009	0.049	0.001	0.941
0.018	0.014	0.967	0.001
0.001	0.042	0.001	0.956
0.021	0.020	0.958	0.001
0.001	0.045	0.001	0.953
0.052	0.001	0.946	0.001
0.027	0.021	0.001	0.951
0.001	0.001	0.973	0.025
0.080	0.001	0.016	0.903
>GGGGRAGCCGGG	15-GGGGRAGCCGGG	12.562694	-15.677357	0	T:128.0(3.12%),B:886.6(1.92%),P:1e-6	Tpos:3323.8,Tstd:5501.5,Bpos:893.5,Bstd:536.6,StrandBias:-0.1,Multiplicity:1.07
0.001	0.001	0.997	0.001
0.001	0.001	0.997	0.001
0.001	0.001	0.997	0.001
0.001	0.001	0.997	0.001
0.443	0.001	0.436	0.119
0.830	0.001	0.086	0.083
0.001	0.001	0.997	0.001
0.001	0.798	0.200	0.001
0.317	0.668	0.001	0.014
0.001	0.001	0.758	0.240
0.001	0.001	0.997	0.001
0.001	0.001	0.997	0.001
>RGGGGDGGSNRG	16-RGGGGDGGSNRG	10.651226	-13.753493	0	T:565.0(13.79%),B:5240.4(11.36%),P:1e-5	Tpos:2538.0,Tstd:4155.3,Bpos:912.7,Bstd:547.7,StrandBias:-0.2,Multiplicity:1.31
0.528	0.001	0.470	0.001
0.001	0.001	0.997	0.001
0.025	0.001	0.973	0.001
0.410	0.001	0.588	0.001
0.001	0.402	0.596	0.001
0.276	0.052	0.274	0.399
0.079	0.001	0.919	0.001
0.001	0.001	0.997	0.001
0.158	0.378	0.464	0.001
0.286	0.286	0.253	0.176
0.471	0.001	0.527	0.001
0.001	0.001	0.997	0.001
>GAGCGGCTACTT	17-GAGCGGCTACTT	13.679970	-13.576403	0	T:5.0(0.12%),B:2.3(0.01%),P:1e-5	Tpos:1379.8,Tstd:379.1,Bpos:614.3,Bstd:550.7,StrandBias:4.2,Multiplicity:4.00
0.001	0.001	0.997	0.001
0.997	0.001	0.001	0.001
0.001	0.001	0.997	0.001
0.001	0.997	0.001	0.001
0.001	0.001	0.997	0.001
0.001	0.001	0.997	0.001
0.001	0.997	0.001	0.001
0.001	0.057	0.001	0.941
0.997	0.001	0.001	0.001
0.001	0.941	0.001	0.057
0.001	0.001	0.001	0.997
0.001	0.001	0.001	0.997
>GGCAGCCCCGGG	18-GGCAGCCCCGGG	9.334191	-11.692091	0	T:393.0(9.59%),B:3563.2(7.73%),P:1e-5	Tpos:3057.4,Tstd:6799.5,Bpos:911.4,Bstd:549.0,StrandBias:0.2,Multiplicity:1.38
0.091	0.078	0.752	0.079
0.070	0.126	0.736	0.068
0.071	0.808	0.084	0.037
0.739	0.084	0.080	0.097
0.054	0.077	0.822	0.047
0.051	0.785	0.105	0.059
0.070	0.766	0.068	0.096
0.081	0.748	0.077	0.094
0.105	0.666	0.090	0.139
0.112	0.089	0.690	0.109
0.082	0.067	0.756	0.095
0.107	0.106	0.732	0.055
>CCCGAGCCCTTC	19-CCCGAGCCCTTC	12.946573	-7.297310	0	T:7.0(0.17%),B:16.3(0.04%),P:1e-3	Tpos:881.7,Tstd:1271.3,Bpos:746.1,Bstd:472.6,StrandBias:4.2,Multiplicity:5.43
0.001	0.997	0.001	0.001
0.001	0.997	0.001	0.001
0.001	0.997	0.001	0.001
0.001	0.001	0.997	0.001
0.997	0.001	0.001	0.001
0.001	0.001	0.963	0.035
0.001	0.997	0.001	0.001
0.001	0.997	0.001	0.001
0.001	0.762	0.001	0.236
0.001	0.001	0.001	0.997
0.001	0.001	0.001	0.997
0.035	0.963	0.001	0.001
>GACACGTCCTGG	20-GACACGTCCTGG	12.355432	-5.594222	0	T:2.0(0.05%),B:2.0(0.00%),P:1e-2	Tpos:1667.3,Tstd:385.1,Bpos:1545.4,Bstd:314.7,StrandBias:10.0,Multiplicity:6.00
0.100	0.100	0.700	0.100
0.700	0.100	0.100	0.100
0.100	0.700	0.100	0.100
0.700	0.100	0.100	0.100
0.100	0.700	0.100	0.100
0.100	0.100	0.700	0.100
0.100	0.100	0.100	0.700
0.100	0.700	0.100	0.100
0.100	0.700	0.100	0.100
0.100	0.100	0.100	0.700
0.100	0.100	0.700	0.100
0.100	0.100	0.700	0.100
>NAGGGGTAGCCK	21-NAGGGGTAGCCK	7.166695	-4.815636	0	T:263.0(6.42%),B:2551.0(5.53%),P:1e-2	Tpos:2594.8,Tstd:4882.5,Bpos:906.9,Bstd:551.7,StrandBias:0.3,Multiplicity:1.15
0.254	0.190	0.293	0.263
0.610	0.166	0.107	0.117
0.133	0.156	0.602	0.109
0.094	0.137	0.635	0.134
0.112	0.142	0.627	0.119
0.121	0.123	0.607	0.149
0.104	0.108	0.082	0.706
0.650	0.130	0.079	0.141
0.153	0.153	0.598	0.096
0.118	0.660	0.086	0.136
0.107	0.636	0.159	0.098
0.185	0.193	0.375	0.246
>GGGCTCATGCGG	22-GGGCTCATGCGG	13.332313	-4.266464	0	T:2.0(0.05%),B:2.5(0.01%),P:1e-1	Tpos:1274.9,Tstd:227.1,Bpos:962.0,Bstd:472.3,StrandBias:10.0,Multiplicity:15.00
0.001	0.038	0.960	0.001
0.001	0.001	0.997	0.001
0.001	0.001	0.997	0.001
0.001	0.997	0.001	0.001
0.001	0.001	0.001	0.997
0.001	0.997	0.001	0.001
0.997	0.001	0.001	0.001
0.001	0.001	0.001	0.997
0.001	0.001	0.997	0.001
0.001	0.997	0.001	0.001
0.001	0.001	0.997	0.001
0.001	0.001	0.997	0.001
>GGTTACTAGCAC	23-GGTTACTAGCAC	13.629202	-3.676142	0	T:3.0(0.07%),B:7.9(0.02%),P:1e-1	Tpos:2242.9,Tstd:622.7,Bpos:820.5,Bstd:503.6,StrandBias:6.1,Multiplicity:23.33
0.001	0.061	0.937	0.001
0.124	0.001	0.874	0.001
0.062	0.390	0.001	0.547
0.001	0.001	0.061	0.937
0.997	0.001	0.001	0.001
0.001	0.874	0.124	0.001
0.001	0.001	0.378	0.620
0.997	0.001	0.001	0.001
0.001	0.062	0.875	0.062
0.001	0.997	0.001	0.001
0.874	0.001	0.001	0.124
0.062	0.650	0.287	0.001
>ACAAGATCAGCT	24-ACAAGATCAGCT	12.355432	-2.606786	0	T:2.0(0.05%),B:5.6(0.01%),P:1e-1	Tpos:1057.8,Tstd:914.4,Bpos:815.6,Bstd:292.2,StrandBias:5.1,Multiplicity:17.50
0.700	0.100	0.100	0.100
0.100	0.700	0.100	0.100
0.700	0.100	0.100	0.100
0.700	0.100	0.100	0.100
0.100	0.100	0.700	0.100
0.700	0.100	0.100	0.100
0.100	0.100	0.100	0.700
0.100	0.700	0.100	0.100
0.700	0.100	0.100	0.100
0.100	0.100	0.700	0.100
0.100	0.700	0.100	0.100
0.100	0.100	0.100	0.700
>GTGGTGGTGGTG	25-GTGGTGGTGGTG	11.234685	-0.677074	0	T:202.0(4.93%),B:2273.3(4.93%),P:1e0	Tpos:2306.8,Tstd:2574.0,Bpos:925.3,Bstd:549.4,StrandBias:-1.9,Multiplicity:1.38
0.001	0.102	0.888	0.009
0.281	0.003	0.001	0.715
0.123	0.001	0.875	0.001
0.006	0.156	0.833	0.005
0.167	0.004	0.001	0.828
0.001	0.001	0.992	0.006
0.001	0.236	0.762	0.001
0.206	0.001	0.001	0.792
0.128	0.023	0.848	0.001
0.020	0.144	0.835	0.001
0.417	0.012	0.001	0.570
0.004	0.001	0.983	0.012
