>MTGASTCABY	1-MTGASTCABY	8.482529	-131.160513	0	T:925.0(22.58%),B:6174.0(13.39%),P:1e-56	Tpos:1741.2,Tstd:2838.6,Bpos:909.4,Bstd:560.8,StrandBias:0.1,Multiplicity:1.21
0.436	0.288	0.241	0.036
0.012	0.010	0.002	0.976
0.015	0.001	0.849	0.135
0.988	0.001	0.001	0.010
0.187	0.377	0.323	0.113
0.010	0.001	0.043	0.946
0.157	0.812	0.030	0.001
0.926	0.018	0.025	0.031
0.044	0.261	0.297	0.398
0.217	0.369	0.143	0.272
>AAACAGCYKN	2-AAACAGCYKN	6.193506	-53.251357	0	T:548.0(13.38%),B:3992.7(8.66%),P:1e-23	Tpos:1713.5,Tstd:2333.8,Bpos:901.1,Bstd:567.0,StrandBias:-0.1,Multiplicity:1.14
0.399	0.221	0.245	0.135
0.479	0.249	0.209	0.064
0.588	0.029	0.366	0.017
0.225	0.635	0.079	0.061
0.783	0.014	0.035	0.168
0.162	0.130	0.500	0.208
0.309	0.517	0.094	0.080
0.123	0.399	0.008	0.469
0.172	0.165	0.404	0.259
0.186	0.282	0.224	0.308
>TCGGTGCCAA	3-TCGGTGCCAA	7.621610	-49.297270	0	T:1256.0(30.66%),B:11093.9(24.06%),P:1e-21	Tpos:2107.7,Tstd:3692.2,Bpos:906.0,Bstd:559.9,StrandBias:0.0,Multiplicity:1.37
0.071	0.138	0.074	0.717
0.069	0.683	0.090	0.158
0.155	0.165	0.458	0.221
0.009	0.189	0.723	0.079
0.091	0.018	0.006	0.885
0.001	0.013	0.947	0.039
0.089	0.882	0.001	0.028
0.062	0.878	0.001	0.059
0.904	0.079	0.001	0.016
0.807	0.012	0.156	0.025
>BVSCTGGCAG	4-BVSCTGGCAG	8.727734	-31.781082	0	T:919.0(22.43%),B:8184.2(17.75%),P:1e-13	Tpos:2196.7,Tstd:3848.7,Bpos:910.9,Bstd:560.1,StrandBias:-0.1,Multiplicity:1.44
0.135	0.362	0.271	0.232
0.232	0.351	0.231	0.185
0.043	0.301	0.413	0.243
0.001	0.804	0.001	0.194
0.030	0.029	0.054	0.887
0.001	0.001	0.997	0.001
0.057	0.184	0.726	0.033
0.073	0.925	0.001	0.001
0.785	0.069	0.057	0.089
0.140	0.029	0.779	0.052
>TAAACAGCCG	5-TAAACAGCCG	7.701340	-31.636787	0	T:760.0(18.55%),B:6570.1(14.25%),P:1e-13	Tpos:1941.4,Tstd:3057.6,Bpos:901.9,Bstd:556.5,StrandBias:-0.1,Multiplicity:1.18
0.165	0.059	0.151	0.625
0.806	0.088	0.044	0.062
0.846	0.040	0.068	0.046
0.841	0.036	0.112	0.011
0.069	0.775	0.048	0.108
0.839	0.079	0.016	0.066
0.028	0.053	0.836	0.083
0.081	0.806	0.056	0.057
0.150	0.654	0.049	0.147
0.043	0.182	0.686	0.089
>GCCAGCCGGC	6-GCCAGCCGGC	9.350895	-28.629855	0	T:310.0(7.57%),B:2282.6(4.95%),P:1e-12	Tpos:2414.1,Tstd:4395.0,Bpos:939.3,Bstd:577.4,StrandBias:0.1,Multiplicity:1.13
0.014	0.167	0.674	0.145
0.113	0.790	0.051	0.046
0.076	0.905	0.018	0.001
0.912	0.001	0.002	0.085
0.001	0.037	0.961	0.001
0.040	0.817	0.142	0.001
0.095	0.773	0.036	0.096
0.151	0.169	0.481	0.199
0.023	0.083	0.827	0.067
0.016	0.833	0.127	0.024
>TTGCCARRAA	7-TTGCCARRAA	8.348426	-28.518180	0	T:1048.0(25.58%),B:9642.4(20.91%),P:1e-12	Tpos:1939.5,Tstd:3622.7,Bpos:904.3,Bstd:559.9,StrandBias:0.2,Multiplicity:1.26
0.051	0.371	0.039	0.539
0.001	0.001	0.001	0.997
0.001	0.001	0.603	0.395
0.016	0.584	0.354	0.046
0.029	0.941	0.001	0.029
0.938	0.001	0.001	0.060
0.504	0.001	0.494	0.001
0.371	0.149	0.409	0.071
0.595	0.214	0.190	0.001
0.530	0.093	0.181	0.196
>CCCCCCCGCG	8-CCCCCCCGCG	9.224606	-24.031428	0	T:193.0(4.71%),B:1316.1(2.85%),P:1e-10	Tpos:3171.8,Tstd:4270.4,Bpos:932.3,Bstd:471.7,StrandBias:0.3,Multiplicity:1.47
0.048	0.862	0.039	0.051
0.070	0.814	0.063	0.053
0.038	0.786	0.074	0.102
0.086	0.771	0.071	0.072
0.065	0.850	0.047	0.038
0.042	0.876	0.036	0.046
0.045	0.856	0.044	0.055
0.054	0.167	0.699	0.080
0.082	0.781	0.078	0.059
0.096	0.121	0.710	0.073
>KGCTTGGAAA	9-KGCTTGGAAA	9.650367	-22.527898	0	T:320.0(7.81%),B:2508.1(5.44%),P:1e-9	Tpos:1962.6,Tstd:3629.2,Bpos:905.4,Bstd:554.0,StrandBias:0.0,Multiplicity:1.06
0.125	0.001	0.377	0.497
0.093	0.069	0.837	0.001
0.076	0.802	0.001	0.121
0.001	0.001	0.001	0.997
0.001	0.001	0.190	0.808
0.067	0.001	0.750	0.182
0.225	0.230	0.537	0.008
0.745	0.225	0.029	0.001
0.997	0.001	0.001	0.001
0.759	0.028	0.161	0.052
>TAAACCGCAG	10-TAAACCGCAG	7.734781	-22.030766	0	T:1026.0(25.04%),B:9683.4(21.00%),P:1e-9	Tpos:1880.5,Tstd:2897.3,Bpos:910.8,Bstd:555.6,StrandBias:0.0,Multiplicity:1.29
0.090	0.131	0.145	0.634
0.789	0.086	0.058	0.067
0.897	0.049	0.024	0.030
0.874	0.020	0.040	0.066
0.106	0.801	0.067	0.026
0.087	0.723	0.083	0.107
0.224	0.084	0.580	0.112
0.066	0.840	0.075	0.019
0.946	0.007	0.015	0.032
0.023	0.037	0.921	0.019
>AAATGTTTCC	11-AAATGTTTCC	7.583021	-20.628032	0	T:301.0(7.35%),B:2374.4(5.15%),P:1e-8	Tpos:1746.7,Tstd:2388.3,Bpos:893.9,Bstd:554.2,StrandBias:0.0,Multiplicity:1.09
0.666	0.105	0.216	0.013
0.753	0.003	0.193	0.051
0.474	0.212	0.138	0.176
0.192	0.173	0.006	0.629
0.224	0.208	0.558	0.010
0.126	0.277	0.031	0.566
0.012	0.009	0.203	0.776
0.104	0.193	0.199	0.504
0.141	0.461	0.153	0.245
0.220	0.492	0.003	0.285
>AAAGCTTGCT	12-AAAGCTTGCT	9.341604	-20.471986	0	T:336.0(8.20%),B:2712.3(5.88%),P:1e-8	Tpos:1978.6,Tstd:3094.1,Bpos:903.0,Bstd:578.7,StrandBias:-0.2,Multiplicity:1.10
0.757	0.085	0.102	0.056
0.850	0.048	0.078	0.024
0.803	0.022	0.087	0.088
0.049	0.046	0.822	0.083
0.041	0.850	0.051	0.058
0.060	0.093	0.034	0.813
0.039	0.018	0.112	0.831
0.064	0.117	0.695	0.124
0.065	0.792	0.047	0.096
0.081	0.083	0.044	0.792
>CCCGGGACCG	13-CCCGGGACCG	6.596553	-17.170963	0	T:414.0(10.10%),B:3573.2(7.75%),P:1e-7	Tpos:2920.4,Tstd:4664.1,Bpos:920.8,Bstd:506.6,StrandBias:0.1,Multiplicity:1.57
0.058	0.697	0.144	0.101
0.125	0.681	0.049	0.145
0.129	0.540	0.134	0.197
0.197	0.096	0.582	0.125
0.124	0.050	0.683	0.143
0.109	0.216	0.629	0.046
0.469	0.210	0.220	0.102
0.157	0.562	0.199	0.082
0.218	0.452	0.141	0.190
0.158	0.212	0.504	0.126
>TTTCCGAACA	14-TTTCCGAACA	7.943268	-16.993339	0	T:611.0(14.91%),B:5575.6(12.09%),P:1e-7	Tpos:1808.3,Tstd:2854.6,Bpos:916.3,Bstd:545.8,StrandBias:0.2,Multiplicity:1.16
0.047	0.060	0.050	0.843
0.001	0.050	0.060	0.889
0.033	0.054	0.039	0.874
0.076	0.804	0.074	0.046
0.152	0.556	0.092	0.200
0.157	0.140	0.589	0.114
0.867	0.060	0.060	0.013
0.871	0.023	0.051	0.055
0.083	0.825	0.052	0.040
0.887	0.037	0.025	0.051
>TTYCCAVAGC	15-TTYCCAVAGC	7.334788	-16.122166	0	T:1059.0(25.85%),B:10327.8(22.39%),P:1e-7	Tpos:2204.5,Tstd:3910.8,Bpos:901.8,Bstd:568.5,StrandBias:0.0,Multiplicity:1.31
0.153	0.314	0.029	0.504
0.048	0.084	0.133	0.735
0.012	0.295	0.257	0.436
0.059	0.494	0.228	0.219
0.124	0.857	0.018	0.001
0.698	0.242	0.029	0.031
0.251	0.354	0.393	0.002
0.616	0.074	0.104	0.206
0.140	0.043	0.679	0.138
0.332	0.555	0.003	0.110
>ACACACACAC	16-ACACACACAC	10.930780	-15.931860	0	T:575.0(14.03%),B:5249.5(11.38%),P:1e-6	Tpos:2015.4,Tstd:3203.2,Bpos:919.5,Bstd:560.1,StrandBias:-0.1,Multiplicity:1.80
0.938	0.001	0.001	0.060
0.031	0.967	0.001	0.001
0.941	0.001	0.057	0.001
0.001	0.966	0.001	0.032
0.914	0.001	0.084	0.001
0.001	0.997	0.001	0.001
0.922	0.001	0.076	0.001
0.016	0.957	0.001	0.026
0.910	0.001	0.088	0.001
0.001	0.961	0.037	0.001
>TTTCCAAACG	17-TTTCCAAACG	8.085058	-15.805353	0	T:858.0(20.94%),B:8206.8(17.80%),P:1e-6	Tpos:1909.0,Tstd:3022.8,Bpos:911.9,Bstd:549.0,StrandBias:-0.1,Multiplicity:1.29
0.021	0.071	0.057	0.851
0.019	0.059	0.031	0.891
0.041	0.045	0.051	0.863
0.055	0.828	0.065	0.052
0.085	0.810	0.007	0.098
0.858	0.061	0.020	0.061
0.834	0.052	0.091	0.023
0.830	0.023	0.092	0.055
0.122	0.631	0.068	0.179
0.136	0.178	0.608	0.078
>CTCCCCCGCG	18-CTCCCCCGCG	9.327029	-15.553226	0	T:162.0(3.95%),B:1193.5(2.59%),P:1e-6	Tpos:2507.7,Tstd:3640.4,Bpos:928.9,Bstd:477.8,StrandBias:-0.4,Multiplicity:1.14
0.092	0.765	0.067	0.076
0.051	0.001	0.039	0.909
0.044	0.717	0.120	0.119
0.081	0.848	0.008	0.063
0.010	0.880	0.016	0.094
0.038	0.746	0.095	0.121
0.085	0.705	0.134	0.076
0.034	0.061	0.780	0.125
0.087	0.728	0.084	0.101
0.015	0.122	0.802	0.061
>TTTCCCGGAA	19-TTTCCCGGAA	8.350283	-14.043904	0	T:373.0(9.10%),B:3271.5(7.09%),P:1e-6	Tpos:1940.4,Tstd:3111.5,Bpos:890.9,Bstd:552.3,StrandBias:0.1,Multiplicity:1.08
0.100	0.100	0.100	0.700
0.100	0.100	0.100	0.700
0.100	0.100	0.100	0.700
0.100	0.700	0.100	0.100
0.100	0.700	0.100	0.100
0.100	0.700	0.100	0.100
0.100	0.100	0.700	0.100
0.100	0.100	0.700	0.100
0.700	0.100	0.100	0.100
0.700	0.100	0.100	0.100
>TTCCTTTCCG	20-TTCCTTTCCG	8.022248	-12.548789	0	T:1043.0(25.46%),B:10365.9(22.48%),P:1e-5	Tpos:2117.9,Tstd:3738.5,Bpos:909.7,Bstd:573.0,StrandBias:-0.1,Multiplicity:1.37
0.033	0.084	0.034	0.849
0.009	0.068	0.048	0.875
0.053	0.807	0.053	0.087
0.074	0.866	0.036	0.024
0.095	0.130	0.023	0.752
0.033	0.111	0.046	0.810
0.029	0.140	0.038	0.793
0.036	0.811	0.090	0.063
0.097	0.786	0.040	0.077
0.103	0.173	0.653	0.071
>ACACACACCC	21-ACACACACCC	10.296193	-11.260272	0	T:135.0(3.30%),B:1036.6(2.25%),P:1e-4	Tpos:2251.8,Tstd:3326.3,Bpos:920.9,Bstd:568.9,StrandBias:-0.1,Multiplicity:1.29
0.700	0.100	0.100	0.100
0.100	0.700	0.100	0.100
0.700	0.100	0.100	0.100
0.100	0.700	0.100	0.100
0.700	0.100	0.100	0.100
0.100	0.700	0.100	0.100
0.700	0.100	0.100	0.100
0.100	0.700	0.100	0.100
0.100	0.700	0.100	0.100
0.100	0.700	0.100	0.100
>CTGAAAGCRA	22-CTGAAAGCRA	6.370748	-9.742203	0	T:1045.0(25.51%),B:10577.7(22.94%),P:1e-4	Tpos:2129.0,Tstd:3819.3,Bpos:913.9,Bstd:562.6,StrandBias:0.1,Multiplicity:1.34
0.150	0.505	0.142	0.203
0.215	0.133	0.086	0.566
0.077	0.110	0.631	0.182
0.544	0.180	0.109	0.167
0.669	0.300	0.014	0.017
0.889	0.004	0.008	0.099
0.112	0.128	0.668	0.092
0.176	0.392	0.232	0.200
0.242	0.203	0.363	0.192
0.459	0.169	0.182	0.190
>ACACACACTC	23-ACACACACTC	10.296193	-8.873909	0	T:118.0(2.88%),B:934.0(2.03%),P:1e-3	Tpos:2150.3,Tstd:3018.8,Bpos:879.5,Bstd:586.0,StrandBias:0.3,Multiplicity:1.23
0.700	0.100	0.100	0.100
0.100	0.700	0.100	0.100
0.700	0.100	0.100	0.100
0.100	0.700	0.100	0.100
0.700	0.100	0.100	0.100
0.100	0.700	0.100	0.100
0.700	0.100	0.100	0.100
0.100	0.700	0.100	0.100
0.100	0.100	0.100	0.700
0.100	0.700	0.100	0.100
>GCTAGTAGCC	24-GCTAGTAGCC	1.738395	-3.629933	0	T:568.0(13.86%),B:5918.1(12.83%),P:1e-1	Tpos:2097.8,Tstd:3345.9,Bpos:899.8,Bstd:553.7,StrandBias:-0.2,Multiplicity:1.29
0.001	0.001	0.997	0.001
0.001	0.997	0.001	0.001
0.001	0.001	0.001	0.997
0.997	0.001	0.001	0.001
0.001	0.001	0.997	0.001
0.001	0.001	0.001	0.997
0.974	0.024	0.001	0.001
0.277	0.001	0.721	0.001
0.001	0.997	0.001	0.001
0.001	0.978	0.020	0.001
>TGGTGGTGGT	25-TGGTGGTGGT	11.137111	-1.122556	0	T:148.0(3.61%),B:1602.4(3.47%),P:1e0	Tpos:1971.4,Tstd:1617.2,Bpos:919.3,Bstd:529.3,StrandBias:-1.2,Multiplicity:1.83
0.415	0.001	0.001	0.583
0.057	0.001	0.941	0.001
0.001	0.001	0.997	0.001
0.293	0.001	0.001	0.705
0.213	0.001	0.785	0.001
0.001	0.001	0.997	0.001
0.289	0.001	0.001	0.709
0.057	0.001	0.941	0.001
0.001	0.001	0.997	0.001
0.001	0.001	0.213	0.785
>ATGASTCABNNN	1-ATGASTCABNNN	8.629126	-131.290054	0	T:985.0(24.04%),B:6716.0(14.56%),P:1e-57	Tpos:1744.5,Tstd:2746.6,Bpos:911.7,Bstd:560.0,StrandBias:0.0,Multiplicity:1.24
0.474	0.277	0.221	0.027
0.004	0.001	0.005	0.990
0.014	0.011	0.916	0.059
0.997	0.001	0.001	0.001
0.128	0.446	0.301	0.125
0.005	0.001	0.001	0.993
0.081	0.890	0.001	0.028
0.988	0.010	0.001	0.001
0.081	0.260	0.273	0.386
0.222	0.295	0.221	0.262
0.286	0.237	0.250	0.227
0.219	0.284	0.210	0.287
>NACAGCTGTTTN	2-NACAGCTGTTTN	9.261251	-72.292241	0	T:556.0(13.57%),B:3743.3(8.12%),P:1e-31	Tpos:1744.6,Tstd:2474.0,Bpos:904.8,Bstd:564.5,StrandBias:0.1,Multiplicity:1.13
0.334	0.264	0.206	0.197
0.521	0.243	0.125	0.111
0.143	0.842	0.014	0.001
0.888	0.001	0.001	0.110
0.075	0.001	0.796	0.128
0.189	0.722	0.001	0.088
0.001	0.001	0.001	0.997
0.008	0.011	0.879	0.102
0.008	0.172	0.158	0.662
0.054	0.131	0.151	0.664
0.001	0.080	0.126	0.793
0.199	0.263	0.252	0.285
>YTTGGCAGGAAA	3-YTTGGCAGGAAA	9.042768	-54.199570	0	T:805.0(19.65%),B:6411.9(13.90%),P:1e-23	Tpos:2033.7,Tstd:3544.5,Bpos:902.2,Bstd:556.4,StrandBias:0.1,Multiplicity:1.26
0.133	0.416	0.161	0.290
0.017	0.247	0.015	0.721
0.026	0.032	0.163	0.779
0.051	0.006	0.900	0.043
0.086	0.203	0.704	0.007
0.247	0.628	0.108	0.017
0.962	0.001	0.001	0.036
0.247	0.001	0.738	0.014
0.202	0.051	0.649	0.098
0.584	0.028	0.350	0.038
0.755	0.107	0.107	0.031
0.650	0.071	0.212	0.067
>MAAATGTTTCCA	4-MAAATGTTTCCA	9.796592	-37.109981	0	T:351.0(8.57%),B:2494.1(5.41%),P:1e-16	Tpos:1700.4,Tstd:2718.3,Bpos:894.6,Bstd:551.2,StrandBias:0.0,Multiplicity:1.08
0.286	0.418	0.205	0.091
0.976	0.012	0.001	0.011
0.531	0.155	0.152	0.162
0.635	0.195	0.018	0.152
0.180	0.050	0.003	0.767
0.155	0.011	0.833	0.001
0.070	0.347	0.017	0.566
0.001	0.001	0.017	0.981
0.046	0.029	0.108	0.817
0.084	0.679	0.013	0.224
0.215	0.741	0.001	0.043
0.570	0.188	0.001	0.241
>AGGCTGTGRTTT	5-AGGCTGTGRTTT	9.478914	-36.508061	0	T:429.0(10.47%),B:3220.3(6.98%),P:1e-15	Tpos:1736.3,Tstd:2183.2,Bpos:895.1,Bstd:554.6,StrandBias:0.1,Multiplicity:1.09
0.793	0.097	0.020	0.090
0.274	0.059	0.629	0.038
0.107	0.089	0.762	0.042
0.022	0.929	0.027	0.022
0.060	0.001	0.008	0.931
0.032	0.090	0.752	0.126
0.072	0.035	0.119	0.774
0.082	0.033	0.673	0.212
0.424	0.065	0.310	0.201
0.018	0.014	0.047	0.921
0.024	0.055	0.098	0.823
0.098	0.135	0.020	0.747
>CCAGATGTGAAA	6-CCAGATGTGAAA	9.250870	-36.054969	0	T:440.0(10.74%),B:3332.0(7.23%),P:1e-15	Tpos:1716.9,Tstd:2559.7,Bpos:908.3,Bstd:555.2,StrandBias:0.0,Multiplicity:1.11
0.085	0.696	0.094	0.125
0.078	0.824	0.020	0.078
0.860	0.003	0.013	0.124
0.095	0.134	0.747	0.024
0.730	0.135	0.025	0.110
0.105	0.017	0.051	0.827
0.033	0.079	0.723	0.165
0.119	0.003	0.086	0.792
0.082	0.105	0.707	0.106
0.652	0.088	0.118	0.142
0.724	0.174	0.057	0.045
0.718	0.078	0.081	0.123
>TTTGCCAGCAAA	7-TTTGCCAGCAAA	8.438154	-34.644889	0	T:708.0(17.28%),B:5959.1(12.92%),P:1e-15	Tpos:2184.6,Tstd:3826.3,Bpos:899.7,Bstd:557.3,StrandBias:-0.2,Multiplicity:1.19
0.047	0.134	0.019	0.800
0.023	0.114	0.086	0.777
0.080	0.085	0.117	0.718
0.137	0.148	0.590	0.125
0.072	0.689	0.115	0.124
0.143	0.787	0.065	0.005
0.857	0.058	0.001	0.084
0.132	0.021	0.803	0.044
0.147	0.680	0.131	0.042
0.816	0.078	0.056	0.050
0.701	0.110	0.153	0.036
0.769	0.043	0.116	0.072
>TTCCAAAGCCAA	8-TTCCAAAGCCAA	8.910643	-34.075472	0	T:542.0(13.23%),B:4347.1(9.43%),P:1e-14	Tpos:1970.0,Tstd:3316.9,Bpos:911.4,Bstd:554.9,StrandBias:0.1,Multiplicity:1.15
0.070	0.075	0.079	0.776
0.075	0.082	0.098	0.745
0.085	0.729	0.080	0.106
0.085	0.775	0.046	0.094
0.766	0.079	0.072	0.083
0.733	0.078	0.119	0.070
0.762	0.060	0.097	0.081
0.109	0.076	0.738	0.077
0.101	0.736	0.081	0.082
0.114	0.730	0.068	0.088
0.773	0.072	0.074	0.081
0.736	0.092	0.093	0.079
>CTGCCAGCTGGC	9-CTGCCAGCTGGC	7.959946	-33.863897	0	T:746.0(18.21%),B:6361.9(13.80%),P:1e-14	Tpos:2326.7,Tstd:4475.9,Bpos:919.7,Bstd:567.2,StrandBias:0.0,Multiplicity:1.28
0.137	0.549	0.160	0.154
0.211	0.092	0.089	0.608
0.069	0.137	0.652	0.142
0.119	0.532	0.250	0.099
0.111	0.716	0.094	0.079
0.647	0.086	0.081	0.186
0.078	0.097	0.705	0.120
0.090	0.704	0.132	0.074
0.258	0.082	0.069	0.591
0.077	0.079	0.702	0.142
0.109	0.189	0.561	0.141
0.170	0.515	0.154	0.161
>CCGGCAGCCGGG	10-CCGGCAGCCGGG	9.286126	-33.642579	0	T:470.0(11.47%),B:3668.1(7.95%),P:1e-14	Tpos:2442.0,Tstd:4144.5,Bpos:921.9,Bstd:512.9,StrandBias:0.1,Multiplicity:1.39
0.044	0.914	0.034	0.008
0.073	0.809	0.073	0.045
0.081	0.034	0.800	0.085
0.053	0.055	0.873	0.019
0.054	0.844	0.090	0.012
0.843	0.058	0.041	0.058
0.018	0.075	0.850	0.057
0.046	0.860	0.057	0.037
0.068	0.801	0.070	0.061
0.084	0.037	0.776	0.103
0.066	0.070	0.806	0.058
0.036	0.055	0.827	0.082
>GCTGGCAGCCAG	11-GCTGGCAGCCAG	2.789976	-32.990068	0	T:394.0(9.62%),B:2968.1(6.44%),P:1e-14	Tpos:2080.7,Tstd:3389.3,Bpos:904.5,Bstd:573.1,StrandBias:-0.1,Multiplicity:1.13
0.001	0.001	0.997	0.001
0.001	0.997	0.001	0.001
0.001	0.001	0.001	0.997
0.001	0.001	0.997	0.001
0.001	0.001	0.997	0.001
0.001	0.997	0.001	0.001
0.623	0.001	0.001	0.375
0.001	0.001	0.997	0.001
0.001	0.997	0.001	0.001
0.001	0.997	0.001	0.001
0.997	0.001	0.001	0.001
0.001	0.001	0.997	0.001
>GGGGAAAAAAAA	12-GGGGAAAAAAAA	11.768993	-22.546279	0	T:235.0(5.74%),B:1718.4(3.73%),P:1e-9	Tpos:2002.9,Tstd:3459.4,Bpos:915.3,Bstd:563.2,StrandBias:0.4,Multiplicity:1.09
0.078	0.001	0.868	0.053
0.091	0.049	0.721	0.139
0.144	0.001	0.791	0.064
0.137	0.074	0.777	0.012
0.727	0.059	0.203	0.011
0.907	0.005	0.049	0.039
0.910	0.017	0.061	0.012
0.851	0.036	0.100	0.013
0.795	0.067	0.068	0.070
0.837	0.097	0.051	0.015
0.815	0.024	0.138	0.023
0.821	0.045	0.071	0.063
>GGGGGKGGGGGG	13-GGGGGKGGGGGG	11.625491	-19.179949	0	T:332.0(8.10%),B:2708.8(5.87%),P:1e-8	Tpos:2401.5,Tstd:3626.7,Bpos:931.1,Bstd:522.1,StrandBias:0.0,Multiplicity:1.39
0.091	0.041	0.867	0.001
0.005	0.109	0.885	0.001
0.001	0.067	0.931	0.001
0.018	0.052	0.929	0.001
0.001	0.069	0.929	0.001
0.152	0.105	0.388	0.354
0.044	0.040	0.915	0.001
0.001	0.079	0.864	0.056
0.001	0.058	0.940	0.001
0.001	0.030	0.936	0.033
0.034	0.001	0.964	0.001
0.066	0.190	0.743	0.001
>GTGTGTGTGTGT	14-GTGTGTGTGTGT	12.559024	-18.893404	0	T:479.0(11.69%),B:4164.7(9.03%),P:1e-8	Tpos:1933.0,Tstd:2873.2,Bpos:915.2,Bstd:562.2,StrandBias:0.0,Multiplicity:1.73
0.001	0.024	0.974	0.001
0.033	0.028	0.001	0.938
0.001	0.007	0.991	0.001
0.009	0.049	0.001	0.941
0.018	0.014	0.967	0.001
0.001	0.042	0.001	0.956
0.021	0.020	0.958	0.001
0.001	0.045	0.001	0.953
0.052	0.001	0.946	0.001
0.027	0.021	0.001	0.951
0.001	0.001	0.973	0.025
0.080	0.001	0.016	0.903
>GGGGRAGCCGGG	15-GGGGRAGCCGGG	12.562694	-15.677357	0	T:128.0(3.12%),B:886.6(1.92%),P:1e-6	Tpos:3323.8,Tstd:5501.5,Bpos:893.5,Bstd:536.6,StrandBias:-0.1,Multiplicity:1.07
0.001	0.001	0.997	0.001
0.001	0.001	0.997	0.001
0.001	0.001	0.997	0.001
0.001	0.001	0.997	0.001
0.443	0.001	0.436	0.119
0.830	0.001	0.086	0.083
0.001	0.001	0.997	0.001
0.001	0.798	0.200	0.001
0.317	0.668	0.001	0.014
0.001	0.001	0.758	0.240
0.001	0.001	0.997	0.001
0.001	0.001	0.997	0.001
>RGGGGDGGSNRG	16-RGGGGDGGSNRG	10.651226	-13.753493	0	T:565.0(13.79%),B:5240.4(11.36%),P:1e-5	Tpos:2538.0,Tstd:4155.3,Bpos:912.7,Bstd:547.7,StrandBias:-0.2,Multiplicity:1.31
0.528	0.001	0.470	0.001
0.001	0.001	0.997	0.001
0.025	0.001	0.973	0.001
0.410	0.001	0.588	0.001
0.001	0.402	0.596	0.001
0.276	0.052	0.274	0.399
0.079	0.001	0.919	0.001
0.001	0.001	0.997	0.001
0.158	0.378	0.464	0.001
0.286	0.286	0.253	0.176
0.471	0.001	0.527	0.001
0.001	0.001	0.997	0.001
>GAGCGGCTACTT	17-GAGCGGCTACTT	13.679970	-13.576403	0	T:5.0(0.12%),B:2.3(0.01%),P:1e-5	Tpos:1379.8,Tstd:379.1,Bpos:614.3,Bstd:550.7,StrandBias:4.2,Multiplicity:4.00
0.001	0.001	0.997	0.001
0.997	0.001	0.001	0.001
0.001	0.001	0.997	0.001
0.001	0.997	0.001	0.001
0.001	0.001	0.997	0.001
0.001	0.001	0.997	0.001
0.001	0.997	0.001	0.001
0.001	0.057	0.001	0.941
0.997	0.001	0.001	0.001
0.001	0.941	0.001	0.057
0.001	0.001	0.001	0.997
0.001	0.001	0.001	0.997
>GGCAGCCCCGGG	18-GGCAGCCCCGGG	9.334191	-11.692091	0	T:393.0(9.59%),B:3563.2(7.73%),P:1e-5	Tpos:3057.4,Tstd:6799.5,Bpos:911.4,Bstd:549.0,StrandBias:0.2,Multiplicity:1.38
0.091	0.078	0.752	0.079
0.070	0.126	0.736	0.068
0.071	0.808	0.084	0.037
0.739	0.084	0.080	0.097
0.054	0.077	0.822	0.047
0.051	0.785	0.105	0.059
0.070	0.766	0.068	0.096
0.081	0.748	0.077	0.094
0.105	0.666	0.090	0.139
0.112	0.089	0.690	0.109
0.082	0.067	0.756	0.095
0.107	0.106	0.732	0.055
>CCCGAGCCCTTC	19-CCCGAGCCCTTC	12.946573	-7.297310	0	T:7.0(0.17%),B:16.3(0.04%),P:1e-3	Tpos:881.7,Tstd:1271.3,Bpos:746.1,Bstd:472.6,StrandBias:4.2,Multiplicity:5.43
0.001	0.997	0.001	0.001
0.001	0.997	0.001	0.001
0.001	0.997	0.001	0.001
0.001	0.001	0.997	0.001
0.997	0.001	0.001	0.001
0.001	0.001	0.963	0.035
0.001	0.997	0.001	0.001
0.001	0.997	0.001	0.001
0.001	0.762	0.001	0.236
0.001	0.001	0.001	0.997
0.001	0.001	0.001	0.997
0.035	0.963	0.001	0.001
>GACACGTCCTGG	20-GACACGTCCTGG	12.355432	-5.594222	0	T:2.0(0.05%),B:2.0(0.00%),P:1e-2	Tpos:1667.3,Tstd:385.1,Bpos:1545.4,Bstd:314.7,StrandBias:10.0,Multiplicity:6.00
0.100	0.100	0.700	0.100
0.700	0.100	0.100	0.100
0.100	0.700	0.100	0.100
0.700	0.100	0.100	0.100
0.100	0.700	0.100	0.100
0.100	0.100	0.700	0.100
0.100	0.100	0.100	0.700
0.100	0.700	0.100	0.100
0.100	0.700	0.100	0.100
0.100	0.100	0.100	0.700
0.100	0.100	0.700	0.100
0.100	0.100	0.700	0.100
>NAGGGGTAGCCK	21-NAGGGGTAGCCK	7.166695	-4.815636	0	T:263.0(6.42%),B:2551.0(5.53%),P:1e-2	Tpos:2594.8,Tstd:4882.5,Bpos:906.9,Bstd:551.7,StrandBias:0.3,Multiplicity:1.15
0.254	0.190	0.293	0.263
0.610	0.166	0.107	0.117
0.133	0.156	0.602	0.109
0.094	0.137	0.635	0.134
0.112	0.142	0.627	0.119
0.121	0.123	0.607	0.149
0.104	0.108	0.082	0.706
0.650	0.130	0.079	0.141
0.153	0.153	0.598	0.096
0.118	0.660	0.086	0.136
0.107	0.636	0.159	0.098
0.185	0.193	0.375	0.246
>GGGCTCATGCGG	22-GGGCTCATGCGG	13.332313	-4.266464	0	T:2.0(0.05%),B:2.5(0.01%),P:1e-1	Tpos:1274.9,Tstd:227.1,Bpos:962.0,Bstd:472.3,StrandBias:10.0,Multiplicity:15.00
0.001	0.038	0.960	0.001
0.001	0.001	0.997	0.001
0.001	0.001	0.997	0.001
0.001	0.997	0.001	0.001
0.001	0.001	0.001	0.997
0.001	0.997	0.001	0.001
0.997	0.001	0.001	0.001
0.001	0.001	0.001	0.997
0.001	0.001	0.997	0.001
0.001	0.997	0.001	0.001
0.001	0.001	0.997	0.001
0.001	0.001	0.997	0.001
>GGTTACTAGCAC	23-GGTTACTAGCAC	13.629202	-3.676142	0	T:3.0(0.07%),B:7.9(0.02%),P:1e-1	Tpos:2242.9,Tstd:622.7,Bpos:820.5,Bstd:503.6,StrandBias:6.1,Multiplicity:23.33
0.001	0.061	0.937	0.001
0.124	0.001	0.874	0.001
0.062	0.390	0.001	0.547
0.001	0.001	0.061	0.937
0.997	0.001	0.001	0.001
0.001	0.874	0.124	0.001
0.001	0.001	0.378	0.620
0.997	0.001	0.001	0.001
0.001	0.062	0.875	0.062
0.001	0.997	0.001	0.001
0.874	0.001	0.001	0.124
0.062	0.650	0.287	0.001
>ACAAGATCAGCT	24-ACAAGATCAGCT	12.355432	-2.606786	0	T:2.0(0.05%),B:5.6(0.01%),P:1e-1	Tpos:1057.8,Tstd:914.4,Bpos:815.6,Bstd:292.2,StrandBias:5.1,Multiplicity:17.50
0.700	0.100	0.100	0.100
0.100	0.700	0.100	0.100
0.700	0.100	0.100	0.100
0.700	0.100	0.100	0.100
0.100	0.100	0.700	0.100
0.700	0.100	0.100	0.100
0.100	0.100	0.100	0.700
0.100	0.700	0.100	0.100
0.700	0.100	0.100	0.100
0.100	0.100	0.700	0.100
0.100	0.700	0.100	0.100
0.100	0.100	0.100	0.700
>GTGGTGGTGGTG	25-GTGGTGGTGGTG	11.234685	-0.677074	0	T:202.0(4.93%),B:2273.3(4.93%),P:1e0	Tpos:2306.8,Tstd:2574.0,Bpos:925.3,Bstd:549.4,StrandBias:-1.9,Multiplicity:1.38
0.001	0.102	0.888	0.009
0.281	0.003	0.001	0.715
0.123	0.001	0.875	0.001
0.006	0.156	0.833	0.005
0.167	0.004	0.001	0.828
0.001	0.001	0.992	0.006
0.001	0.236	0.762	0.001
0.206	0.001	0.001	0.792
0.128	0.023	0.848	0.001
0.020	0.144	0.835	0.001
0.417	0.012	0.001	0.570
0.004	0.001	0.983	0.012
>TGAGTCAT	1-TGAGTCAT	8.748454	-97.055968	0	T:1001.0(24.43%),B:7425.0(16.10%),P:1e-42	Tpos:1763.1,Tstd:2806.7,Bpos:907.0,Bstd:558.2,StrandBias:-0.0,Multiplicity:1.27
0.001	0.013	0.001	0.985
0.001	0.001	0.954	0.044
0.985	0.013	0.001	0.001
0.062	0.204	0.647	0.087
0.001	0.001	0.001	0.997
0.001	0.997	0.001	0.001
0.997	0.001	0.001	0.001
0.001	0.162	0.140	0.697
>ARCAGCTG	2-ARCAGCTG	9.947840	-68.517724	0	T:573.0(13.99%),B:3954.3(8.57%),P:1e-29	Tpos:1580.0,Tstd:2281.3,Bpos:911.5,Bstd:586.3,StrandBias:-0.0,Multiplicity:1.09
0.579	0.419	0.001	0.001
0.561	0.001	0.437	0.001
0.001	0.997	0.001	0.001
0.997	0.001	0.001	0.001
0.001	0.001	0.997	0.001
0.001	0.997	0.001	0.001
0.001	0.001	0.001	0.997
0.001	0.001	0.997	0.001
>AACATCTG	3-AACATCTG	10.421109	-53.142501	0	T:499.0(12.18%),B:3546.1(7.69%),P:1e-23	Tpos:1731.2,Tstd:2413.7,Bpos:901.8,Bstd:555.4,StrandBias:-0.1,Multiplicity:1.12
0.758	0.124	0.117	0.001
0.885	0.113	0.001	0.001
0.001	0.997	0.001	0.001
0.997	0.001	0.001	0.001
0.001	0.001	0.125	0.873
0.001	0.885	0.001	0.113
0.001	0.001	0.001	0.997
0.001	0.001	0.997	0.001
>AAACAGCT	4-AAACAGCT	8.369898	-36.128669	0	T:875.0(21.36%),B:7592.4(16.46%),P:1e-15	Tpos:1764.7,Tstd:2501.9,Bpos:899.2,Bstd:559.7,StrandBias:-0.2,Multiplicity:1.25
0.760	0.075	0.074	0.091
0.875	0.001	0.083	0.041
0.921	0.001	0.077	0.001
0.001	0.997	0.001	0.001
0.979	0.001	0.019	0.001
0.001	0.001	0.861	0.137
0.071	0.927	0.001	0.001
0.001	0.138	0.016	0.845
>CTTGCCAA	5-CTTGCCAA	7.920904	-35.932978	0	T:1275.0(31.12%),B:11745.0(25.47%),P:1e-15	Tpos:1877.5,Tstd:2942.0,Bpos:905.3,Bstd:561.7,StrandBias:0.1,Multiplicity:1.33
0.013	0.984	0.002	0.001
0.006	0.162	0.020	0.812
0.001	0.001	0.003	0.995
0.001	0.001	0.870	0.128
0.001	0.688	0.287	0.024
0.225	0.677	0.024	0.074
0.749	0.001	0.173	0.077
0.873	0.001	0.076	0.050
>KCTGSCAR	6-KCTGSCAR	7.801590	-32.814296	0	T:1703.0(41.57%),B:16469.4(35.71%),P:1e-14	Tpos:1976.7,Tstd:3431.6,Bpos:906.7,Bstd:567.3,StrandBias:-0.0,Multiplicity:1.64
0.001	0.193	0.418	0.388
0.079	0.595	0.001	0.325
0.001	0.089	0.001	0.909
0.001	0.009	0.906	0.084
0.001	0.426	0.572	0.001
0.104	0.831	0.064	0.001
0.951	0.001	0.046	0.002
0.564	0.001	0.434	0.001
>TTTGGCAC	7-TTTGGCAC	8.471560	-27.105969	0	T:921.0(22.48%),B:8374.8(18.16%),P:1e-11	Tpos:1947.3,Tstd:3169.9,Bpos:907.9,Bstd:557.5,StrandBias:0.0,Multiplicity:1.28
0.001	0.152	0.035	0.812
0.024	0.079	0.001	0.896
0.001	0.046	0.001	0.952
0.056	0.001	0.942	0.001
0.001	0.001	0.997	0.001
0.034	0.943	0.001	0.022
0.956	0.001	0.001	0.042
0.167	0.664	0.055	0.114
>KGCCAGGG	8-KGCCAGGG	9.948997	-25.307649	0	T:650.0(15.87%),B:5666.4(12.29%),P:1e-10	Tpos:2496.1,Tstd:4613.1,Bpos:908.1,Bstd:561.4,StrandBias:0.0,Multiplicity:1.29
0.001	0.152	0.379	0.467
0.001	0.001	0.997	0.001
0.001	0.997	0.001	0.001
0.001	0.855	0.143	0.001
0.997	0.001	0.001	0.001
0.001	0.186	0.812	0.001
0.001	0.001	0.997	0.001
0.001	0.001	0.997	0.001
>NGGAAACN	9-NGGAAACN	5.044325	-19.578697	0	T:1129.0(27.56%),B:10894.1(23.62%),P:1e-8	Tpos:2000.9,Tstd:3583.4,Bpos:907.8,Bstd:556.7,StrandBias:0.0,Multiplicity:1.33
0.233	0.253	0.212	0.302
0.102	0.136	0.609	0.153
0.206	0.164	0.535	0.095
0.580	0.162	0.180	0.078
0.688	0.120	0.143	0.049
0.516	0.158	0.214	0.112
0.164	0.517	0.198	0.121
0.226	0.260	0.321	0.193
>CCCGCGGC	10-CCCGCGGC	7.443526	-19.308905	0	T:451.0(11.01%),B:3871.7(8.40%),P:1e-8	Tpos:2934.5,Tstd:4526.6,Bpos:934.4,Bstd:464.6,StrandBias:0.1,Multiplicity:1.92
0.033	0.880	0.001	0.086
0.110	0.764	0.052	0.074
0.053	0.837	0.057	0.053
0.060	0.168	0.691	0.081
0.117	0.602	0.165	0.116
0.060	0.128	0.757	0.055
0.035	0.253	0.683	0.029
0.087	0.786	0.077	0.050
>GCTGGCTC	11-GCTGGCTC	8.260107	-18.484368	0	T:1164.0(28.41%),B:11325.1(24.56%),P:1e-8	Tpos:2488.9,Tstd:4786.4,Bpos:921.0,Bstd:564.3,StrandBias:-0.1,Multiplicity:1.63
0.044	0.001	0.954	0.001
0.046	0.952	0.001	0.001
0.002	0.296	0.001	0.701
0.200	0.001	0.796	0.003
0.176	0.001	0.726	0.097
0.001	0.997	0.001	0.001
0.001	0.221	0.001	0.777
0.001	0.593	0.207	0.199
>AGCTTTCG	12-AGCTTTCG	7.758463	-17.955731	0	T:437.0(10.67%),B:3777.0(8.19%),P:1e-7	Tpos:1970.7,Tstd:3600.7,Bpos:919.7,Bstd:558.0,StrandBias:0.1,Multiplicity:1.14
0.644	0.020	0.219	0.117
0.021	0.003	0.944	0.032
0.048	0.892	0.017	0.043
0.080	0.068	0.062	0.790
0.015	0.118	0.120	0.747
0.055	0.058	0.094	0.793
0.043	0.711	0.097	0.149
0.198	0.147	0.482	0.174
>SSGRGGRG	13-SSGRGGRG	5.323141	-17.319773	0	T:356.0(8.69%),B:2995.1(6.49%),P:1e-7	Tpos:2694.7,Tstd:3973.9,Bpos:919.6,Bstd:512.2,StrandBias:0.0,Multiplicity:1.34
0.001	0.540	0.458	0.001
0.207	0.336	0.456	0.001
0.285	0.118	0.496	0.102
0.364	0.167	0.468	0.001
0.239	0.173	0.459	0.129
0.338	0.001	0.596	0.065
0.407	0.133	0.356	0.105
0.287	0.008	0.562	0.143
>TGAAAGCA	14-TGAAAGCA	8.433439	-16.076149	0	T:797.0(19.45%),B:7550.2(16.37%),P:1e-6	Tpos:1947.9,Tstd:3160.9,Bpos:914.8,Bstd:564.1,StrandBias:-0.0,Multiplicity:1.24
0.090	0.041	0.001	0.868
0.096	0.078	0.768	0.058
0.930	0.068	0.001	0.001
0.997	0.001	0.001	0.001
0.997	0.001	0.001	0.001
0.106	0.001	0.808	0.085
0.001	0.921	0.077	0.001
0.813	0.153	0.033	0.001
>TTTCCTCG	15-TTTCCTCG	9.031226	-15.389878	0	T:951.0(23.21%),B:9214.5(19.98%),P:1e-6	Tpos:1996.4,Tstd:3423.1,Bpos:910.0,Bstd:560.2,StrandBias:-0.0,Multiplicity:1.27
0.001	0.061	0.018	0.920
0.015	0.029	0.049	0.907
0.001	0.032	0.034	0.933
0.015	0.942	0.042	0.001
0.013	0.985	0.001	0.001
0.001	0.001	0.002	0.996
0.001	0.788	0.210	0.001
0.001	0.184	0.590	0.225
>CTGCCGTK	16-CTGCCGTK	7.261138	-15.202892	0	T:555.0(13.55%),B:5074.6(11.00%),P:1e-6	Tpos:2286.7,Tstd:3619.4,Bpos:918.3,Bstd:550.1,StrandBias:0.1,Multiplicity:1.24
0.001	0.822	0.038	0.139
0.128	0.094	0.001	0.777
0.001	0.197	0.565	0.237
0.109	0.635	0.002	0.254
0.001	0.693	0.305	0.001
0.001	0.001	0.997	0.001
0.001	0.177	0.178	0.644
0.001	0.001	0.490	0.508
>CAGAAACG	17-CAGAAACG	8.567562	-14.808657	0	T:749.0(18.28%),B:7108.3(15.41%),P:1e-6	Tpos:1850.1,Tstd:2712.5,Bpos:919.4,Bstd:559.3,StrandBias:-0.2,Multiplicity:1.20
0.036	0.856	0.107	0.001
0.944	0.001	0.001	0.054
0.037	0.022	0.928	0.013
0.966	0.001	0.001	0.032
0.997	0.001	0.001	0.001
0.957	0.028	0.001	0.014
0.079	0.752	0.001	0.168
0.128	0.131	0.691	0.050
>TAAATCCG	18-TAAATCCG	8.594021	-11.570835	0	T:582.0(14.21%),B:5521.5(11.97%),P:1e-5	Tpos:1756.1,Tstd:2689.2,Bpos:911.7,Bstd:545.3,StrandBias:0.1,Multiplicity:1.16
0.064	0.019	0.049	0.868
0.887	0.001	0.032	0.080
0.997	0.001	0.001	0.001
0.946	0.052	0.001	0.001
0.040	0.001	0.043	0.916
0.001	0.972	0.001	0.026
0.168	0.667	0.001	0.164
0.101	0.072	0.777	0.050
>CGGGAAAG	19-CGGGAAAG	8.177728	-11.387977	0	T:788.0(19.23%),B:7705.2(16.71%),P:1e-4	Tpos:2048.9,Tstd:3047.8,Bpos:906.8,Bstd:552.4,StrandBias:-0.2,Multiplicity:1.27
0.109	0.770	0.120	0.001
0.001	0.118	0.773	0.108
0.001	0.001	0.952	0.046
0.001	0.022	0.976	0.001
0.909	0.001	0.056	0.034
0.874	0.055	0.053	0.018
0.830	0.048	0.121	0.001
0.001	0.001	0.976	0.022
>GGGAGGAG	20-GGGAGGAG	10.427904	-8.364989	0	T:1023.0(24.97%),B:10443.4(22.65%),P:1e-3	Tpos:2562.3,Tstd:4742.7,Bpos:907.5,Bstd:548.4,StrandBias:-0.0,Multiplicity:1.59
0.001	0.047	0.951	0.001
0.001	0.026	0.972	0.001
0.001	0.001	0.997	0.001
0.904	0.001	0.001	0.094
0.001	0.036	0.962	0.001
0.001	0.149	0.849	0.001
0.997	0.001	0.001	0.001
0.238	0.001	0.760	0.001
>TTTTCCCG	21-TTTTCCCG	7.606721	-7.777718	0	T:804.0(19.62%),B:8116.8(17.60%),P:1e-3	Tpos:2092.2,Tstd:4020.3,Bpos:910.0,Bstd:554.0,StrandBias:0.0,Multiplicity:1.21
0.194	0.169	0.083	0.554
0.032	0.059	0.098	0.811
0.029	0.065	0.062	0.844
0.035	0.113	0.063	0.789
0.018	0.824	0.037	0.121
0.124	0.820	0.016	0.040
0.208	0.630	0.062	0.100
0.106	0.082	0.730	0.082
>TTAAAAGC	22-TTAAAAGC	7.867196	-7.617771	0	T:986.0(24.07%),B:10101.7(21.90%),P:1e-3	Tpos:1950.9,Tstd:3305.0,Bpos:909.0,Bstd:553.6,StrandBias:-0.0,Multiplicity:1.33
0.039	0.069	0.046	0.846
0.083	0.001	0.137	0.779
0.893	0.068	0.001	0.038
0.932	0.001	0.066	0.001
0.955	0.043	0.001	0.001
0.958	0.001	0.001	0.040
0.064	0.061	0.801	0.074
0.001	0.930	0.068	0.001
>YCCAAAGC	23-YCCAAAGC	8.736668	-6.703225	0	T:812.0(19.82%),B:8287.6(17.97%),P:1e-2	Tpos:1987.5,Tstd:3623.8,Bpos:915.7,Bstd:559.4,StrandBias:-0.1,Multiplicity:1.27
0.081	0.506	0.001	0.412
0.008	0.527	0.186	0.279
0.110	0.888	0.001	0.001
0.840	0.063	0.009	0.088
0.592	0.103	0.304	0.001
0.997	0.001	0.001	0.001
0.001	0.001	0.997	0.001
0.001	0.997	0.001	0.001
>CTCGGAAC	24-CTCGGAAC	7.144383	-5.430997	0	T:697.0(17.01%),B:7149.1(15.50%),P:1e-2	Tpos:2218.8,Tstd:4459.3,Bpos:915.3,Bstd:554.1,StrandBias:-0.0,Multiplicity:1.27
0.057	0.735	0.078	0.130
0.092	0.076	0.070	0.762
0.072	0.658	0.119	0.151
0.094	0.046	0.719	0.141
0.037	0.050	0.820	0.093
0.821	0.076	0.065	0.038
0.785	0.012	0.159	0.044
0.089	0.704	0.122	0.085
>ACACACAC	25-ACACACAC	8.236954	-4.978685	0	T:909.0(22.19%),B:9503.9(20.61%),P:1e-2	Tpos:2211.6,Tstd:3706.7,Bpos:915.8,Bstd:565.2,StrandBias:-0.0,Multiplicity:2.11
0.700	0.100	0.100	0.100
0.100	0.700	0.100	0.100
0.700	0.100	0.100	0.100
0.100	0.700	0.100	0.100
0.700	0.100	0.100	0.100
0.100	0.700	0.100	0.100
0.700	0.100	0.100	0.100
0.100	0.700	0.100	0.100
