>MTGASTCABY	1-MTGASTCABY	8.482529	-131.160513	0	T:925.0(22.58%),B:6174.0(13.39%),P:1e-56	Tpos:1741.2,Tstd:2838.6,Bpos:909.4,Bstd:560.8,StrandBias:0.1,Multiplicity:1.21
0.436	0.288	0.241	0.036
0.012	0.010	0.002	0.976
0.015	0.001	0.849	0.135
0.988	0.001	0.001	0.010
0.187	0.377	0.323	0.113
0.010	0.001	0.043	0.946
0.157	0.812	0.030	0.001
0.926	0.018	0.025	0.031
0.044	0.261	0.297	0.398
0.217	0.369	0.143	0.272
>AAACAGCYKN	2-AAACAGCYKN	6.193506	-53.251357	0	T:548.0(13.38%),B:3992.7(8.66%),P:1e-23	Tpos:1713.5,Tstd:2333.8,Bpos:901.1,Bstd:567.0,StrandBias:-0.1,Multiplicity:1.14
0.399	0.221	0.245	0.135
0.479	0.249	0.209	0.064
0.588	0.029	0.366	0.017
0.225	0.635	0.079	0.061
0.783	0.014	0.035	0.168
0.162	0.130	0.500	0.208
0.309	0.517	0.094	0.080
0.123	0.399	0.008	0.469
0.172	0.165	0.404	0.259
0.186	0.282	0.224	0.308
>TCGGTGCCAA	3-TCGGTGCCAA	7.621610	-49.297270	0	T:1256.0(30.66%),B:11093.9(24.06%),P:1e-21	Tpos:2107.7,Tstd:3692.2,Bpos:906.0,Bstd:559.9,StrandBias:0.0,Multiplicity:1.37
0.071	0.138	0.074	0.717
0.069	0.683	0.090	0.158
0.155	0.165	0.458	0.221
0.009	0.189	0.723	0.079
0.091	0.018	0.006	0.885
0.001	0.013	0.947	0.039
0.089	0.882	0.001	0.028
0.062	0.878	0.001	0.059
0.904	0.079	0.001	0.016
0.807	0.012	0.156	0.025
>BVSCTGGCAG	4-BVSCTGGCAG	8.727734	-31.781082	0	T:919.0(22.43%),B:8184.2(17.75%),P:1e-13	Tpos:2196.7,Tstd:3848.7,Bpos:910.9,Bstd:560.1,StrandBias:-0.1,Multiplicity:1.44
0.135	0.362	0.271	0.232
0.232	0.351	0.231	0.185
0.043	0.301	0.413	0.243
0.001	0.804	0.001	0.194
0.030	0.029	0.054	0.887
0.001	0.001	0.997	0.001
0.057	0.184	0.726	0.033
0.073	0.925	0.001	0.001
0.785	0.069	0.057	0.089
0.140	0.029	0.779	0.052
>TAAACAGCCG	5-TAAACAGCCG	7.701340	-31.636787	0	T:760.0(18.55%),B:6570.1(14.25%),P:1e-13	Tpos:1941.4,Tstd:3057.6,Bpos:901.9,Bstd:556.5,StrandBias:-0.1,Multiplicity:1.18
0.165	0.059	0.151	0.625
0.806	0.088	0.044	0.062
0.846	0.040	0.068	0.046
0.841	0.036	0.112	0.011
0.069	0.775	0.048	0.108
0.839	0.079	0.016	0.066
0.028	0.053	0.836	0.083
0.081	0.806	0.056	0.057
0.150	0.654	0.049	0.147
0.043	0.182	0.686	0.089
>GCCAGCCGGC	6-GCCAGCCGGC	9.350895	-28.629855	0	T:310.0(7.57%),B:2282.6(4.95%),P:1e-12	Tpos:2414.1,Tstd:4395.0,Bpos:939.3,Bstd:577.4,StrandBias:0.1,Multiplicity:1.13
0.014	0.167	0.674	0.145
0.113	0.790	0.051	0.046
0.076	0.905	0.018	0.001
0.912	0.001	0.002	0.085
0.001	0.037	0.961	0.001
0.040	0.817	0.142	0.001
0.095	0.773	0.036	0.096
0.151	0.169	0.481	0.199
0.023	0.083	0.827	0.067
0.016	0.833	0.127	0.024
>TTGCCARRAA	7-TTGCCARRAA	8.348426	-28.518180	0	T:1048.0(25.58%),B:9642.4(20.91%),P:1e-12	Tpos:1939.5,Tstd:3622.7,Bpos:904.3,Bstd:559.9,StrandBias:0.2,Multiplicity:1.26
0.051	0.371	0.039	0.539
0.001	0.001	0.001	0.997
0.001	0.001	0.603	0.395
0.016	0.584	0.354	0.046
0.029	0.941	0.001	0.029
0.938	0.001	0.001	0.060
0.504	0.001	0.494	0.001
0.371	0.149	0.409	0.071
0.595	0.214	0.190	0.001
0.530	0.093	0.181	0.196
>CCCCCCCGCG	8-CCCCCCCGCG	9.224606	-24.031428	0	T:193.0(4.71%),B:1316.1(2.85%),P:1e-10	Tpos:3171.8,Tstd:4270.4,Bpos:932.3,Bstd:471.7,StrandBias:0.3,Multiplicity:1.47
0.048	0.862	0.039	0.051
0.070	0.814	0.063	0.053
0.038	0.786	0.074	0.102
0.086	0.771	0.071	0.072
0.065	0.850	0.047	0.038
0.042	0.876	0.036	0.046
0.045	0.856	0.044	0.055
0.054	0.167	0.699	0.080
0.082	0.781	0.078	0.059
0.096	0.121	0.710	0.073
>KGCTTGGAAA	9-KGCTTGGAAA	9.650367	-22.527898	0	T:320.0(7.81%),B:2508.1(5.44%),P:1e-9	Tpos:1962.6,Tstd:3629.2,Bpos:905.4,Bstd:554.0,StrandBias:0.0,Multiplicity:1.06
0.125	0.001	0.377	0.497
0.093	0.069	0.837	0.001
0.076	0.802	0.001	0.121
0.001	0.001	0.001	0.997
0.001	0.001	0.190	0.808
0.067	0.001	0.750	0.182
0.225	0.230	0.537	0.008
0.745	0.225	0.029	0.001
0.997	0.001	0.001	0.001
0.759	0.028	0.161	0.052
>TAAACCGCAG	10-TAAACCGCAG	7.734781	-22.030766	0	T:1026.0(25.04%),B:9683.4(21.00%),P:1e-9	Tpos:1880.5,Tstd:2897.3,Bpos:910.8,Bstd:555.6,StrandBias:0.0,Multiplicity:1.29
0.090	0.131	0.145	0.634
0.789	0.086	0.058	0.067
0.897	0.049	0.024	0.030
0.874	0.020	0.040	0.066
0.106	0.801	0.067	0.026
0.087	0.723	0.083	0.107
0.224	0.084	0.580	0.112
0.066	0.840	0.075	0.019
0.946	0.007	0.015	0.032
0.023	0.037	0.921	0.019
>AAATGTTTCC	11-AAATGTTTCC	7.583021	-20.628032	0	T:301.0(7.35%),B:2374.4(5.15%),P:1e-8	Tpos:1746.7,Tstd:2388.3,Bpos:893.9,Bstd:554.2,StrandBias:0.0,Multiplicity:1.09
0.666	0.105	0.216	0.013
0.753	0.003	0.193	0.051
0.474	0.212	0.138	0.176
0.192	0.173	0.006	0.629
0.224	0.208	0.558	0.010
0.126	0.277	0.031	0.566
0.012	0.009	0.203	0.776
0.104	0.193	0.199	0.504
0.141	0.461	0.153	0.245
0.220	0.492	0.003	0.285
>AAAGCTTGCT	12-AAAGCTTGCT	9.341604	-20.471986	0	T:336.0(8.20%),B:2712.3(5.88%),P:1e-8	Tpos:1978.6,Tstd:3094.1,Bpos:903.0,Bstd:578.7,StrandBias:-0.2,Multiplicity:1.10
0.757	0.085	0.102	0.056
0.850	0.048	0.078	0.024
0.803	0.022	0.087	0.088
0.049	0.046	0.822	0.083
0.041	0.850	0.051	0.058
0.060	0.093	0.034	0.813
0.039	0.018	0.112	0.831
0.064	0.117	0.695	0.124
0.065	0.792	0.047	0.096
0.081	0.083	0.044	0.792
>CCCGGGACCG	13-CCCGGGACCG	6.596553	-17.170963	0	T:414.0(10.10%),B:3573.2(7.75%),P:1e-7	Tpos:2920.4,Tstd:4664.1,Bpos:920.8,Bstd:506.6,StrandBias:0.1,Multiplicity:1.57
0.058	0.697	0.144	0.101
0.125	0.681	0.049	0.145
0.129	0.540	0.134	0.197
0.197	0.096	0.582	0.125
0.124	0.050	0.683	0.143
0.109	0.216	0.629	0.046
0.469	0.210	0.220	0.102
0.157	0.562	0.199	0.082
0.218	0.452	0.141	0.190
0.158	0.212	0.504	0.126
>TTTCCGAACA	14-TTTCCGAACA	7.943268	-16.993339	0	T:611.0(14.91%),B:5575.6(12.09%),P:1e-7	Tpos:1808.3,Tstd:2854.6,Bpos:916.3,Bstd:545.8,StrandBias:0.2,Multiplicity:1.16
0.047	0.060	0.050	0.843
0.001	0.050	0.060	0.889
0.033	0.054	0.039	0.874
0.076	0.804	0.074	0.046
0.152	0.556	0.092	0.200
0.157	0.140	0.589	0.114
0.867	0.060	0.060	0.013
0.871	0.023	0.051	0.055
0.083	0.825	0.052	0.040
0.887	0.037	0.025	0.051
>TTYCCAVAGC	15-TTYCCAVAGC	7.334788	-16.122166	0	T:1059.0(25.85%),B:10327.8(22.39%),P:1e-7	Tpos:2204.5,Tstd:3910.8,Bpos:901.8,Bstd:568.5,StrandBias:0.0,Multiplicity:1.31
0.153	0.314	0.029	0.504
0.048	0.084	0.133	0.735
0.012	0.295	0.257	0.436
0.059	0.494	0.228	0.219
0.124	0.857	0.018	0.001
0.698	0.242	0.029	0.031
0.251	0.354	0.393	0.002
0.616	0.074	0.104	0.206
0.140	0.043	0.679	0.138
0.332	0.555	0.003	0.110
>ACACACACAC	16-ACACACACAC	10.930780	-15.931860	0	T:575.0(14.03%),B:5249.5(11.38%),P:1e-6	Tpos:2015.4,Tstd:3203.2,Bpos:919.5,Bstd:560.1,StrandBias:-0.1,Multiplicity:1.80
0.938	0.001	0.001	0.060
0.031	0.967	0.001	0.001
0.941	0.001	0.057	0.001
0.001	0.966	0.001	0.032
0.914	0.001	0.084	0.001
0.001	0.997	0.001	0.001
0.922	0.001	0.076	0.001
0.016	0.957	0.001	0.026
0.910	0.001	0.088	0.001
0.001	0.961	0.037	0.001
>TTTCCAAACG	17-TTTCCAAACG	8.085058	-15.805353	0	T:858.0(20.94%),B:8206.8(17.80%),P:1e-6	Tpos:1909.0,Tstd:3022.8,Bpos:911.9,Bstd:549.0,StrandBias:-0.1,Multiplicity:1.29
0.021	0.071	0.057	0.851
0.019	0.059	0.031	0.891
0.041	0.045	0.051	0.863
0.055	0.828	0.065	0.052
0.085	0.810	0.007	0.098
0.858	0.061	0.020	0.061
0.834	0.052	0.091	0.023
0.830	0.023	0.092	0.055
0.122	0.631	0.068	0.179
0.136	0.178	0.608	0.078
>CTCCCCCGCG	18-CTCCCCCGCG	9.327029	-15.553226	0	T:162.0(3.95%),B:1193.5(2.59%),P:1e-6	Tpos:2507.7,Tstd:3640.4,Bpos:928.9,Bstd:477.8,StrandBias:-0.4,Multiplicity:1.14
0.092	0.765	0.067	0.076
0.051	0.001	0.039	0.909
0.044	0.717	0.120	0.119
0.081	0.848	0.008	0.063
0.010	0.880	0.016	0.094
0.038	0.746	0.095	0.121
0.085	0.705	0.134	0.076
0.034	0.061	0.780	0.125
0.087	0.728	0.084	0.101
0.015	0.122	0.802	0.061
>TTTCCCGGAA	19-TTTCCCGGAA	8.350283	-14.043904	0	T:373.0(9.10%),B:3271.5(7.09%),P:1e-6	Tpos:1940.4,Tstd:3111.5,Bpos:890.9,Bstd:552.3,StrandBias:0.1,Multiplicity:1.08
0.100	0.100	0.100	0.700
0.100	0.100	0.100	0.700
0.100	0.100	0.100	0.700
0.100	0.700	0.100	0.100
0.100	0.700	0.100	0.100
0.100	0.700	0.100	0.100
0.100	0.100	0.700	0.100
0.100	0.100	0.700	0.100
0.700	0.100	0.100	0.100
0.700	0.100	0.100	0.100
>TTCCTTTCCG	20-TTCCTTTCCG	8.022248	-12.548789	0	T:1043.0(25.46%),B:10365.9(22.48%),P:1e-5	Tpos:2117.9,Tstd:3738.5,Bpos:909.7,Bstd:573.0,StrandBias:-0.1,Multiplicity:1.37
0.033	0.084	0.034	0.849
0.009	0.068	0.048	0.875
0.053	0.807	0.053	0.087
0.074	0.866	0.036	0.024
0.095	0.130	0.023	0.752
0.033	0.111	0.046	0.810
0.029	0.140	0.038	0.793
0.036	0.811	0.090	0.063
0.097	0.786	0.040	0.077
0.103	0.173	0.653	0.071
>ACACACACCC	21-ACACACACCC	10.296193	-11.260272	0	T:135.0(3.30%),B:1036.6(2.25%),P:1e-4	Tpos:2251.8,Tstd:3326.3,Bpos:920.9,Bstd:568.9,StrandBias:-0.1,Multiplicity:1.29
0.700	0.100	0.100	0.100
0.100	0.700	0.100	0.100
0.700	0.100	0.100	0.100
0.100	0.700	0.100	0.100
0.700	0.100	0.100	0.100
0.100	0.700	0.100	0.100
0.700	0.100	0.100	0.100
0.100	0.700	0.100	0.100
0.100	0.700	0.100	0.100
0.100	0.700	0.100	0.100
>CTGAAAGCRA	22-CTGAAAGCRA	6.370748	-9.742203	0	T:1045.0(25.51%),B:10577.7(22.94%),P:1e-4	Tpos:2129.0,Tstd:3819.3,Bpos:913.9,Bstd:562.6,StrandBias:0.1,Multiplicity:1.34
0.150	0.505	0.142	0.203
0.215	0.133	0.086	0.566
0.077	0.110	0.631	0.182
0.544	0.180	0.109	0.167
0.669	0.300	0.014	0.017
0.889	0.004	0.008	0.099
0.112	0.128	0.668	0.092
0.176	0.392	0.232	0.200
0.242	0.203	0.363	0.192
0.459	0.169	0.182	0.190
>ACACACACTC	23-ACACACACTC	10.296193	-8.873909	0	T:118.0(2.88%),B:934.0(2.03%),P:1e-3	Tpos:2150.3,Tstd:3018.8,Bpos:879.5,Bstd:586.0,StrandBias:0.3,Multiplicity:1.23
0.700	0.100	0.100	0.100
0.100	0.700	0.100	0.100
0.700	0.100	0.100	0.100
0.100	0.700	0.100	0.100
0.700	0.100	0.100	0.100
0.100	0.700	0.100	0.100
0.700	0.100	0.100	0.100
0.100	0.700	0.100	0.100
0.100	0.100	0.100	0.700
0.100	0.700	0.100	0.100
>GCTAGTAGCC	24-GCTAGTAGCC	1.738395	-3.629933	0	T:568.0(13.86%),B:5918.1(12.83%),P:1e-1	Tpos:2097.8,Tstd:3345.9,Bpos:899.8,Bstd:553.7,StrandBias:-0.2,Multiplicity:1.29
0.001	0.001	0.997	0.001
0.001	0.997	0.001	0.001
0.001	0.001	0.001	0.997
0.997	0.001	0.001	0.001
0.001	0.001	0.997	0.001
0.001	0.001	0.001	0.997
0.974	0.024	0.001	0.001
0.277	0.001	0.721	0.001
0.001	0.997	0.001	0.001
0.001	0.978	0.020	0.001
>TGGTGGTGGT	25-TGGTGGTGGT	11.137111	-1.122556	0	T:148.0(3.61%),B:1602.4(3.47%),P:1e0	Tpos:1971.4,Tstd:1617.2,Bpos:919.3,Bstd:529.3,StrandBias:-1.2,Multiplicity:1.83
0.415	0.001	0.001	0.583
0.057	0.001	0.941	0.001
0.001	0.001	0.997	0.001
0.293	0.001	0.001	0.705
0.213	0.001	0.785	0.001
0.001	0.001	0.997	0.001
0.289	0.001	0.001	0.709
0.057	0.001	0.941	0.001
0.001	0.001	0.997	0.001
0.001	0.001	0.213	0.785
