>AAATGGTGAG	1-AAATGGTGAG	12.348682	-32.894527	0	T:14.0(6.80%),B:148.4(0.30%),P:1e-14	Tpos:403.8,Tstd:128.7,Bpos:434.1,Bstd:232.0,StrandBias:1.3,Multiplicity:1.00
0.997	0.001	0.001	0.001
0.997	0.001	0.001	0.001
0.997	0.001	0.001	0.001
0.001	0.226	0.001	0.772
0.001	0.001	0.997	0.001
0.001	0.001	0.997	0.001
0.001	0.001	0.001	0.997
0.001	0.001	0.997	0.001
0.997	0.001	0.001	0.001
0.001	0.001	0.997	0.001
>NCCAATCAGN	2-NCCAATCAGN	6.361461	-30.773799	0	T:18.0(8.74%),B:367.5(0.75%),P:1e-13	Tpos:355.7,Tstd:149.7,Bpos:368.1,Bstd:205.9,StrandBias:-0.7,Multiplicity:1.44
0.213	0.211	0.244	0.331
0.158	0.505	0.147	0.190
0.141	0.509	0.185	0.165
0.620	0.113	0.104	0.163
0.527	0.126	0.180	0.167
0.117	0.157	0.128	0.598
0.167	0.554	0.121	0.158
0.554	0.161	0.171	0.114
0.170	0.172	0.528	0.130
0.205	0.227	0.274	0.294
>CGAGATTATA	3-CGAGATTATA	6.660984	-29.819438	0	T:12.0(5.83%),B:112.5(0.23%),P:1e-12	Tpos:437.2,Tstd:316.9,Bpos:353.4,Bstd:239.8,StrandBias:1.6,Multiplicity:1.00
0.001	0.997	0.001	0.001
0.001	0.001	0.997	0.001
0.997	0.001	0.001	0.001
0.287	0.001	0.711	0.001
0.991	0.007	0.001	0.001
0.004	0.001	0.001	0.994
0.001	0.001	0.001	0.997
0.994	0.001	0.001	0.004
0.270	0.001	0.001	0.728
0.997	0.001	0.001	0.001
>TGTGGCGGGA	4-TGTGGCGGGA	11.292826	-27.560085	0	T:13.0(6.31%),B:176.7(0.36%),P:1e-11	Tpos:423.8,Tstd:183.2,Bpos:467.9,Bstd:230.9,StrandBias:0.7,Multiplicity:1.00
0.001	0.001	0.001	0.997
0.112	0.001	0.886	0.001
0.001	0.001	0.001	0.997
0.001	0.107	0.891	0.001
0.001	0.001	0.997	0.001
0.001	0.997	0.001	0.001
0.001	0.001	0.997	0.001
0.001	0.099	0.899	0.001
0.001	0.001	0.997	0.001
0.997	0.001	0.001	0.001
>GCAGAGCTAC	5-GCAGAGCTAC	9.702530	-25.843414	0	T:28.0(13.59%),B:1365.3(2.77%),P:1e-11	Tpos:449.5,Tstd:291.0,Bpos:401.0,Bstd:252.0,StrandBias:-1.2,Multiplicity:1.07
0.001	0.001	0.929	0.069
0.068	0.865	0.066	0.001
0.997	0.001	0.001	0.001
0.076	0.062	0.861	0.001
0.948	0.001	0.050	0.001
0.001	0.001	0.997	0.001
0.001	0.928	0.070	0.001
0.001	0.001	0.001	0.997
0.699	0.001	0.299	0.001
0.058	0.835	0.037	0.070
>AGGGAWTTCC	6-AGGGAWTTCC	8.736640	-25.637645	0	T:35.0(16.99%),B:2156.9(4.38%),P:1e-11	Tpos:428.2,Tstd:295.2,Bpos:402.5,Bstd:251.3,StrandBias:-0.3,Multiplicity:1.03
0.534	0.123	0.342	0.001
0.001	0.214	0.784	0.001
0.001	0.187	0.811	0.001
0.418	0.001	0.580	0.001
0.959	0.001	0.001	0.039
0.440	0.001	0.001	0.558
0.116	0.184	0.001	0.699
0.001	0.054	0.268	0.677
0.001	0.770	0.106	0.123
0.001	0.997	0.001	0.001
>CTGCCTGAAA	7-CTGCCTGAAA	9.108657	-25.497202	0	T:18.0(8.74%),B:506.1(1.03%),P:1e-11	Tpos:370.6,Tstd:235.7,Bpos:400.7,Bstd:243.0,StrandBias:-0.3,Multiplicity:1.00
0.001	0.946	0.052	0.001
0.093	0.001	0.001	0.905
0.001	0.001	0.997	0.001
0.001	0.997	0.001	0.001
0.001	0.997	0.001	0.001
0.001	0.100	0.001	0.898
0.001	0.001	0.997	0.001
0.997	0.001	0.001	0.001
0.997	0.001	0.001	0.001
0.997	0.001	0.001	0.001
>AATGCAAATG	8-AATGCAAATG	9.902109	-25.375041	0	T:23.0(11.17%),B:911.7(1.85%),P:1e-11	Tpos:384.0,Tstd:287.8,Bpos:403.4,Bstd:239.7,StrandBias:0.4,Multiplicity:1.13
0.905	0.001	0.051	0.043
0.952	0.046	0.001	0.001
0.140	0.001	0.043	0.816
0.056	0.054	0.841	0.049
0.001	0.927	0.032	0.040
0.997	0.001	0.001	0.001
0.956	0.001	0.042	0.001
0.997	0.001	0.001	0.001
0.001	0.001	0.001	0.997
0.192	0.001	0.772	0.035
>CATAAGATGK	9-CATAAGATGK	9.665597	-24.243705	0	T:18.0(8.74%),B:547.1(1.11%),P:1e-10	Tpos:436.4,Tstd:252.3,Bpos:389.1,Bstd:235.9,StrandBias:0.3,Multiplicity:1.22
0.001	0.826	0.172	0.001
0.885	0.001	0.064	0.050
0.001	0.001	0.251	0.747
0.854	0.100	0.001	0.045
0.936	0.001	0.062	0.001
0.001	0.064	0.887	0.048
0.786	0.125	0.043	0.046
0.001	0.051	0.042	0.906
0.083	0.071	0.704	0.142
0.086	0.043	0.499	0.372
>TGTCGGACCC	10-TGTCGGACCC	13.692032	-23.989703	0	T:7.0(3.40%),B:27.8(0.06%),P:1e-10	Tpos:433.3,Tstd:116.2,Bpos:457.8,Bstd:229.2,StrandBias:-0.4,Multiplicity:1.00
0.001	0.001	0.001	0.997
0.001	0.001	0.997	0.001
0.001	0.001	0.001	0.997
0.001	0.997	0.001	0.001
0.001	0.001	0.997	0.001
0.001	0.001	0.997	0.001
0.997	0.001	0.001	0.001
0.001	0.997	0.001	0.001
0.001	0.866	0.001	0.132
0.001	0.997	0.001	0.001
>ATTGGGAGAT	11-ATTGGGAGAT	10.296193	-23.438254	0	T:8.0(3.88%),B:50.6(0.10%),P:1e-10	Tpos:362.2,Tstd:143.9,Bpos:439.8,Bstd:218.2,StrandBias:0.7,Multiplicity:1.00
0.700	0.100	0.100	0.100
0.100	0.100	0.100	0.700
0.100	0.100	0.100	0.700
0.100	0.100	0.700	0.100
0.100	0.100	0.700	0.100
0.100	0.100	0.700	0.100
0.700	0.100	0.100	0.100
0.100	0.100	0.700	0.100
0.700	0.100	0.100	0.100
0.100	0.100	0.100	0.700
>TGTTATCCTG	12-TGTTATCCTG	11.004954	-21.516653	0	T:12.0(5.83%),B:232.9(0.47%),P:1e-9	Tpos:383.6,Tstd:378.9,Bpos:391.8,Bstd:247.1,StrandBias:0.5,Multiplicity:1.00
0.001	0.001	0.001	0.997
0.001	0.001	0.925	0.073
0.001	0.001	0.001	0.997
0.001	0.001	0.001	0.997
0.997	0.001	0.001	0.001
0.001	0.001	0.001	0.997
0.001	0.901	0.001	0.097
0.001	0.997	0.001	0.001
0.001	0.001	0.001	0.997
0.001	0.107	0.891	0.001
>ATCCCGAAAG	13-ATCCCGAAAG	10.462988	-19.673044	0	T:11.0(5.34%),B:216.3(0.44%),P:1e-8	Tpos:362.5,Tstd:144.2,Bpos:405.4,Bstd:229.3,StrandBias:-0.3,Multiplicity:1.00
0.749	0.001	0.001	0.249
0.001	0.244	0.001	0.754
0.001	0.997	0.001	0.001
0.001	0.614	0.001	0.384
0.001	0.997	0.001	0.001
0.001	0.001	0.997	0.001
0.900	0.001	0.098	0.001
0.997	0.001	0.001	0.001
0.997	0.001	0.001	0.001
0.001	0.001	0.997	0.001
>YGGTTKGAAC	14-YGGTTKGAAC	7.876874	-19.199791	0	T:35.0(16.99%),B:2751.0(5.59%),P:1e-8	Tpos:343.9,Tstd:245.6,Bpos:404.8,Bstd:240.5,StrandBias:-0.1,Multiplicity:1.11
0.001	0.444	0.001	0.554
0.001	0.244	0.604	0.151
0.001	0.132	0.866	0.001
0.001	0.001	0.274	0.724
0.001	0.042	0.037	0.920
0.001	0.091	0.527	0.381
0.084	0.107	0.750	0.059
0.932	0.001	0.001	0.066
0.692	0.001	0.165	0.142
0.001	0.618	0.103	0.278
>CGGGCGTCCT	15-CGGGCGTCCT	10.296193	-18.148241	0	T:8.0(3.88%),B:99.3(0.20%),P:1e-7	Tpos:347.0,Tstd:283.0,Bpos:498.9,Bstd:243.5,StrandBias:-0.7,Multiplicity:1.00
0.100	0.700	0.100	0.100
0.100	0.100	0.700	0.100
0.100	0.100	0.700	0.100
0.100	0.100	0.700	0.100
0.100	0.700	0.100	0.100
0.100	0.100	0.700	0.100
0.100	0.100	0.100	0.700
0.100	0.700	0.100	0.100
0.100	0.700	0.100	0.100
0.100	0.100	0.100	0.700
>GGATGTTCCT	16-GGATGTTCCT	10.296193	-17.768886	0	T:7.0(3.40%),B:67.1(0.14%),P:1e-7	Tpos:501.7,Tstd:411.3,Bpos:399.8,Bstd:254.1,StrandBias:1.3,Multiplicity:1.00
0.100	0.100	0.700	0.100
0.100	0.100	0.700	0.100
0.700	0.100	0.100	0.100
0.100	0.100	0.100	0.700
0.100	0.100	0.700	0.100
0.100	0.100	0.100	0.700
0.100	0.100	0.100	0.700
0.100	0.700	0.100	0.100
0.100	0.700	0.100	0.100
0.100	0.100	0.100	0.700
>CGAYTAGTKA	17-CGAYTAGTKA	11.974844	-16.163244	0	T:3.0(1.46%),B:2.1(0.00%),P:1e-7	Tpos:176.7,Tstd:36.3,Bpos:366.6,Bstd:86.7,StrandBias:10.0,Multiplicity:1.00
0.001	0.997	0.001	0.001
0.001	0.001	0.997	0.001
0.997	0.001	0.001	0.001
0.203	0.430	0.001	0.366
0.001	0.001	0.001	0.997
0.836	0.001	0.001	0.162
0.001	0.001	0.997	0.001
0.001	0.001	0.001	0.997
0.203	0.001	0.430	0.366
0.997	0.001	0.001	0.001
>GGGGMGGGGC	18-GGGGMGGGGC	10.154654	-14.593898	0	T:65.0(31.55%),B:8528.3(17.32%),P:1e-6	Tpos:511.4,Tstd:306.4,Bpos:389.2,Bstd:232.1,StrandBias:1.4,Multiplicity:2.51
0.001	0.017	0.981	0.001
0.177	0.001	0.821	0.001
0.001	0.001	0.997	0.001
0.140	0.001	0.807	0.052
0.534	0.464	0.001	0.001
0.001	0.001	0.997	0.001
0.001	0.001	0.993	0.005
0.274	0.001	0.724	0.001
0.085	0.001	0.913	0.001
0.001	0.578	0.001	0.420
>TGAGTCTTAG	19-TGAGTCTTAG	6.541067	-13.748819	0	T:17.0(8.25%),B:981.3(1.99%),P:1e-5	Tpos:571.4,Tstd:317.5,Bpos:400.2,Bstd:279.5,StrandBias:2.3,Multiplicity:2.47
0.001	0.001	0.001	0.997
0.001	0.001	0.997	0.001
0.677	0.001	0.321	0.001
0.001	0.001	0.997	0.001
0.001	0.001	0.001	0.997
0.001	0.997	0.001	0.001
0.001	0.001	0.001	0.997
0.001	0.001	0.352	0.646
0.997	0.001	0.001	0.001
0.001	0.001	0.997	0.001
>GCMTGATGCG	20-GCMTGATGCG	11.766231	-11.147322	0	T:5.0(2.43%),B:72.0(0.15%),P:1e-4	Tpos:505.4,Tstd:148.7,Bpos:444.4,Bstd:229.9,StrandBias:0.6,Multiplicity:1.00
0.001	0.001	0.997	0.001
0.001	0.997	0.001	0.001
0.545	0.453	0.001	0.001
0.001	0.001	0.001	0.997
0.001	0.318	0.680	0.001
0.997	0.001	0.001	0.001
0.001	0.001	0.001	0.997
0.001	0.001	0.997	0.001
0.001	0.997	0.001	0.001
0.127	0.001	0.871	0.001
>GTCKGAAGGA	21-GTCKGAAGGA	10.246852	-7.771241	0	T:6.0(2.91%),B:226.2(0.46%),P:1e-3	Tpos:363.8,Tstd:333.5,Bpos:387.7,Bstd:253.3,StrandBias:10.0,Multiplicity:1.00
0.069	0.062	0.868	0.001
0.021	0.001	0.019	0.959
0.004	0.706	0.289	0.001
0.001	0.001	0.564	0.434
0.001	0.054	0.944	0.001
0.927	0.021	0.051	0.001
0.765	0.001	0.105	0.129
0.091	0.001	0.900	0.008
0.207	0.219	0.408	0.166
0.668	0.330	0.001	0.001
>GKGAAGDRGC	22-GKGAAGDRGC	8.037061	-6.868420	0	T:7.0(3.40%),B:370.7(0.75%),P:1e-2	Tpos:552.9,Tstd:348.8,Bpos:423.9,Bstd:249.2,StrandBias:1.0,Multiplicity:1.29
0.038	0.136	0.816	0.010
0.022	0.094	0.511	0.373
0.046	0.010	0.930	0.014
0.640	0.148	0.102	0.110
0.456	0.126	0.249	0.169
0.213	0.242	0.460	0.086
0.249	0.127	0.285	0.338
0.389	0.101	0.360	0.151
0.101	0.129	0.612	0.158
0.053	0.761	0.007	0.179
>CCTCACTGTC	23-CCTCACTGTC	10.329344	-4.950876	0	T:6.0(2.91%),B:399.9(0.81%),P:1e-2	Tpos:911.4,Tstd:553.8,Bpos:410.3,Bstd:260.8,StrandBias:-3.8,Multiplicity:7.67
0.001	0.997	0.001	0.001
0.001	0.997	0.001	0.001
0.001	0.001	0.001	0.997
0.001	0.997	0.001	0.001
0.997	0.001	0.001	0.001
0.001	0.997	0.001	0.001
0.001	0.001	0.001	0.997
0.001	0.001	0.997	0.001
0.001	0.001	0.001	0.997
0.001	0.968	0.001	0.030
>GTGAGGCGCA	24-GTGAGGCGCA	10.296193	-3.424998	0	T:2.0(0.97%),B:67.7(0.14%),P:1e-1	Tpos:920.6,Tstd:612.7,Bpos:349.2,Bstd:283.6,StrandBias:10.0,Multiplicity:14.50
0.100	0.100	0.700	0.100
0.100	0.100	0.100	0.700
0.100	0.100	0.700	0.100
0.700	0.100	0.100	0.100
0.100	0.100	0.700	0.100
0.100	0.100	0.700	0.100
0.100	0.700	0.100	0.100
0.100	0.100	0.700	0.100
0.100	0.700	0.100	0.100
0.700	0.100	0.100	0.100
>TGATGCAGGG	25-TGATGCAGGG	10.296193	-0.916076	0	T:1.0(0.49%),B:122.2(0.25%),P:1e0	Tpos:981.1,Tstd:570.7,Bpos:403.4,Bstd:274.0,StrandBias:10.0,Multiplicity:44.00
0.100	0.100	0.100	0.700
0.100	0.100	0.700	0.100
0.700	0.100	0.100	0.100
0.100	0.100	0.100	0.700
0.100	0.100	0.700	0.100
0.100	0.700	0.100	0.100
0.700	0.100	0.100	0.100
0.100	0.100	0.700	0.100
0.100	0.100	0.700	0.100
0.100	0.100	0.700	0.100
>TGGTCACATCTT	1-TGGTCACATCTT	11.012798	-47.498620	0	T:12.0(5.83%),B:25.5(0.05%),P:1e-20	Tpos:375.2,Tstd:165.8,Bpos:349.4,Bstd:242.2,StrandBias:0.0,Multiplicity:1.00
0.001	0.001	0.001	0.997
0.001	0.001	0.997	0.001
0.149	0.001	0.849	0.001
0.001	0.001	0.001	0.997
0.084	0.890	0.001	0.025
0.997	0.001	0.001	0.001
0.001	0.997	0.001	0.001
0.997	0.001	0.001	0.001
0.001	0.001	0.001	0.997
0.001	0.997	0.001	0.001
0.001	0.001	0.001	0.997
0.001	0.001	0.001	0.997
>ACCATTTCTAGG	2-ACCATTTCTAGG	13.008343	-44.939100	0	T:12.0(5.83%),B:31.9(0.06%),P:1e-19	Tpos:406.6,Tstd:131.4,Bpos:493.7,Bstd:225.7,StrandBias:0.0,Multiplicity:1.00
0.997	0.001	0.001	0.001
0.272	0.726	0.001	0.001
0.001	0.997	0.001	0.001
0.744	0.136	0.119	0.001
0.135	0.001	0.001	0.863
0.001	0.001	0.001	0.997
0.001	0.001	0.001	0.997
0.001	0.997	0.001	0.001
0.001	0.001	0.001	0.997
0.997	0.001	0.001	0.001
0.001	0.001	0.997	0.001
0.001	0.001	0.997	0.001
>TGTGGCGGGACT	3-TGTGGCGGGACT	12.355432	-43.583231	0	T:9.0(4.37%),B:8.2(0.02%),P:1e-18	Tpos:426.0,Tstd:167.6,Bpos:571.0,Bstd:154.2,StrandBias:0.3,Multiplicity:1.00
0.100	0.100	0.100	0.700
0.100	0.100	0.700	0.100
0.100	0.100	0.100	0.700
0.100	0.100	0.700	0.100
0.100	0.100	0.700	0.100
0.100	0.700	0.100	0.100
0.100	0.100	0.700	0.100
0.100	0.100	0.700	0.100
0.100	0.100	0.700	0.100
0.700	0.100	0.100	0.100
0.100	0.700	0.100	0.100
0.100	0.100	0.100	0.700
>GCCTGAAAAGGC	4-GCCTGAAAAGGC	13.142671	-43.497314	0	T:12.0(5.83%),B:35.5(0.07%),P:1e-18	Tpos:381.5,Tstd:201.7,Bpos:408.1,Bstd:202.3,StrandBias:-0.2,Multiplicity:1.08
0.001	0.001	0.997	0.001
0.001	0.997	0.001	0.001
0.001	0.997	0.001	0.001
0.001	0.001	0.001	0.997
0.001	0.001	0.997	0.001
0.997	0.001	0.001	0.001
0.997	0.001	0.001	0.001
0.997	0.001	0.001	0.001
0.858	0.001	0.140	0.001
0.165	0.205	0.629	0.001
0.001	0.001	0.793	0.205
0.001	0.864	0.134	0.001
>TCCAATCAGGSA	5-TCCAATCAGGSA	13.514982	-42.700835	0	T:11.0(5.34%),B:25.1(0.05%),P:1e-18	Tpos:411.3,Tstd:155.5,Bpos:351.6,Bstd:140.3,StrandBias:-1.1,Multiplicity:1.45
0.001	0.001	0.001	0.997
0.001	0.997	0.001	0.001
0.001	0.997	0.001	0.001
0.997	0.001	0.001	0.001
0.997	0.001	0.001	0.001
0.001	0.001	0.089	0.909
0.001	0.997	0.001	0.001
0.997	0.001	0.001	0.001
0.001	0.001	0.997	0.001
0.001	0.001	0.997	0.001
0.001	0.511	0.369	0.119
0.997	0.001	0.001	0.001
>CCACCGGTTCCA	6-CCACCGGTTCCA	12.355432	-39.516448	0	T:6.0(2.91%),B:1.5(0.00%),P:1e-17	Tpos:410.5,Tstd:150.8,Bpos:257.4,Bstd:53.8,StrandBias:0.0,Multiplicity:1.00
0.100	0.700	0.100	0.100
0.100	0.700	0.100	0.100
0.700	0.100	0.100	0.100
0.100	0.700	0.100	0.100
0.100	0.700	0.100	0.100
0.100	0.100	0.700	0.100
0.100	0.100	0.700	0.100
0.100	0.100	0.100	0.700
0.100	0.100	0.100	0.700
0.100	0.700	0.100	0.100
0.100	0.700	0.100	0.100
0.700	0.100	0.100	0.100
>GGCAGCTCTGCA	7-GGCAGCTCTGCA	14.650554	-39.271753	0	T:12.0(5.83%),B:50.4(0.10%),P:1e-17	Tpos:472.7,Tstd:317.3,Bpos:405.6,Bstd:243.4,StrandBias:1.0,Multiplicity:1.00
0.001	0.001	0.997	0.001
0.001	0.001	0.997	0.001
0.001	0.997	0.001	0.001
0.856	0.142	0.001	0.001
0.001	0.001	0.997	0.001
0.001	0.997	0.001	0.001
0.001	0.001	0.001	0.997
0.001	0.997	0.001	0.001
0.001	0.001	0.001	0.997
0.001	0.001	0.997	0.001
0.001	0.997	0.001	0.001
0.997	0.001	0.001	0.001
>TGTCGGACCCGG	8-TGTCGGACCCGG	14.972841	-37.275225	0	T:7.0(3.40%),B:4.5(0.01%),P:1e-16	Tpos:394.7,Tstd:115.4,Bpos:509.6,Bstd:208.8,StrandBias:0.4,Multiplicity:1.00
0.001	0.001	0.001	0.997
0.001	0.001	0.997	0.001
0.001	0.001	0.001	0.997
0.001	0.997	0.001	0.001
0.001	0.001	0.997	0.001
0.001	0.001	0.997	0.001
0.997	0.001	0.001	0.001
0.001	0.997	0.001	0.001
0.001	0.802	0.001	0.196
0.001	0.997	0.001	0.001
0.001	0.001	0.997	0.001
0.001	0.001	0.997	0.001
>CAGCCATAAGAT	9-CAGCCATAAGAT	9.624761	-34.952758	0	T:10.0(4.85%),B:34.1(0.07%),P:1e-15	Tpos:463.3,Tstd:222.5,Bpos:434.6,Bstd:276.9,StrandBias:0.6,Multiplicity:1.00
0.058	0.940	0.001	0.001
0.997	0.001	0.001	0.001
0.001	0.001	0.997	0.001
0.001	0.997	0.001	0.001
0.001	0.986	0.012	0.001
0.997	0.001	0.001	0.001
0.001	0.001	0.001	0.997
0.938	0.001	0.060	0.001
0.997	0.001	0.001	0.001
0.001	0.001	0.997	0.001
0.997	0.001	0.001	0.001
0.001	0.001	0.001	0.997
>GACCTGCAGGTA	10-GACCTGCAGGTA	11.858071	-33.888088	0	T:12.0(5.83%),B:79.8(0.16%),P:1e-14	Tpos:440.6,Tstd:109.6,Bpos:459.7,Bstd:215.5,StrandBias:0.8,Multiplicity:1.17
0.157	0.001	0.841	0.001
0.997	0.001	0.001	0.001
0.001	0.677	0.001	0.321
0.001	0.997	0.001	0.001
0.001	0.344	0.001	0.654
0.319	0.001	0.679	0.001
0.001	0.997	0.001	0.001
0.997	0.001	0.001	0.001
0.157	0.001	0.841	0.001
0.001	0.344	0.654	0.001
0.001	0.001	0.001	0.997
0.997	0.001	0.001	0.001
>NAAATGCAAATN	11-NAAATGCAAATN	8.294353	-33.186410	0	T:19.0(9.22%),B:371.0(0.75%),P:1e-14	Tpos:364.8,Tstd:289.9,Bpos:407.5,Bstd:234.3,StrandBias:0.5,Multiplicity:1.00
0.244	0.303	0.245	0.209
0.662	0.120	0.113	0.105
0.660	0.097	0.139	0.104
0.666	0.124	0.118	0.092
0.160	0.072	0.139	0.629
0.123	0.096	0.662	0.119
0.158	0.568	0.132	0.142
0.683	0.136	0.088	0.093
0.642	0.115	0.165	0.078
0.666	0.130	0.103	0.101
0.130	0.125	0.187	0.558
0.199	0.256	0.302	0.243
>CTGGGAGCGCTA	12-CTGGGAGCGCTA	14.286772	-31.766607	0	T:9.0(4.37%),B:30.9(0.06%),P:1e-13	Tpos:406.2,Tstd:313.9,Bpos:333.3,Bstd:245.9,StrandBias:0.3,Multiplicity:1.00
0.001	0.997	0.001	0.001
0.001	0.001	0.001	0.997
0.001	0.001	0.997	0.001
0.001	0.001	0.997	0.001
0.001	0.001	0.997	0.001
0.997	0.001	0.001	0.001
0.001	0.001	0.997	0.001
0.203	0.524	0.109	0.164
0.001	0.398	0.600	0.001
0.001	0.997	0.001	0.001
0.001	0.001	0.001	0.997
0.997	0.001	0.001	0.001
>CTAATNAAGTTT	13-CTAATNAAGTTT	14.077330	-30.274715	0	T:8.0(3.88%),B:21.4(0.04%),P:1e-13	Tpos:456.7,Tstd:340.8,Bpos:384.7,Bstd:225.6,StrandBias:0.3,Multiplicity:1.38
0.001	0.997	0.001	0.001
0.001	0.001	0.001	0.997
0.997	0.001	0.001	0.001
0.997	0.001	0.001	0.001
0.001	0.001	0.001	0.997
0.283	0.197	0.322	0.197
0.997	0.001	0.001	0.001
0.997	0.001	0.001	0.001
0.001	0.001	0.716	0.282
0.001	0.001	0.001	0.997
0.001	0.001	0.001	0.997
0.001	0.001	0.001	0.997
>TGTGGAGCTGAC	14-TGTGGAGCTGAC	11.996107	-29.711667	0	T:11.0(5.34%),B:83.7(0.17%),P:1e-12	Tpos:264.5,Tstd:152.1,Bpos:422.0,Bstd:219.2,StrandBias:0.8,Multiplicity:1.00
0.001	0.193	0.013	0.793
0.001	0.001	0.997	0.001
0.001	0.001	0.001	0.997
0.001	0.001	0.997	0.001
0.001	0.001	0.997	0.001
0.766	0.001	0.040	0.193
0.001	0.001	0.997	0.001
0.001	0.997	0.001	0.001
0.001	0.001	0.001	0.997
0.001	0.001	0.997	0.001
0.997	0.001	0.001	0.001
0.001	0.997	0.001	0.001
>GGCGTCCTGTCT	15-GGCGTCCTGTCT	12.355432	-29.056452	0	T:7.0(3.40%),B:13.4(0.03%),P:1e-12	Tpos:379.3,Tstd:291.0,Bpos:659.1,Bstd:275.9,StrandBias:-0.4,Multiplicity:1.00
0.100	0.100	0.700	0.100
0.100	0.100	0.700	0.100
0.100	0.700	0.100	0.100
0.100	0.100	0.700	0.100
0.100	0.100	0.100	0.700
0.100	0.700	0.100	0.100
0.100	0.700	0.100	0.100
0.100	0.100	0.100	0.700
0.100	0.100	0.700	0.100
0.100	0.100	0.100	0.700
0.100	0.700	0.100	0.100
0.100	0.100	0.100	0.700
>AGAAATCTGSCT	16-AGAAATCTGSCT	10.563406	-26.251041	0	T:18.0(8.74%),B:483.5(0.98%),P:1e-11	Tpos:445.1,Tstd:366.5,Bpos:382.3,Bstd:241.9,StrandBias:-0.3,Multiplicity:1.22
0.871	0.001	0.001	0.127
0.001	0.001	0.997	0.001
0.871	0.001	0.001	0.127
0.861	0.137	0.001	0.001
0.888	0.110	0.001	0.001
0.001	0.001	0.127	0.871
0.357	0.641	0.001	0.001
0.001	0.349	0.001	0.649
0.001	0.249	0.481	0.270
0.001	0.493	0.505	0.001
0.001	0.997	0.001	0.001
0.001	0.001	0.001	0.997
>AGAGGGCTCCAG	17-AGAGGGCTCCAG	12.355432	-24.521366	0	T:7.0(3.40%),B:25.3(0.05%),P:1e-10	Tpos:365.4,Tstd:321.8,Bpos:344.6,Bstd:203.7,StrandBias:0.4,Multiplicity:1.00
0.700	0.100	0.100	0.100
0.100	0.100	0.700	0.100
0.700	0.100	0.100	0.100
0.100	0.100	0.700	0.100
0.100	0.100	0.700	0.100
0.100	0.100	0.700	0.100
0.100	0.700	0.100	0.100
0.100	0.100	0.100	0.700
0.100	0.700	0.100	0.100
0.100	0.700	0.100	0.100
0.700	0.100	0.100	0.100
0.100	0.100	0.700	0.100
>CGAAATTAAAAT	18-CGAAATTAAAAT	15.224156	-24.189743	0	T:5.0(2.43%),B:5.7(0.01%),P:1e-10	Tpos:352.0,Tstd:160.6,Bpos:591.2,Bstd:193.9,StrandBias:0.6,Multiplicity:1.00
0.001	0.997	0.001	0.001
0.001	0.001	0.997	0.001
0.997	0.001	0.001	0.001
0.997	0.001	0.001	0.001
0.997	0.001	0.001	0.001
0.001	0.001	0.001	0.997
0.001	0.001	0.001	0.997
0.997	0.001	0.001	0.001
0.997	0.001	0.001	0.001
0.997	0.001	0.001	0.001
0.746	0.001	0.001	0.252
0.001	0.001	0.001	0.997
>CAMATCCCGGAA	19-CAMATCCCGGAA	14.572152	-23.316860	0	T:6.0(2.91%),B:15.0(0.03%),P:1e-10	Tpos:436.0,Tstd:72.1,Bpos:405.6,Bstd:169.1,StrandBias:1.0,Multiplicity:1.00
0.001	0.997	0.001	0.001
0.984	0.014	0.001	0.001
0.515	0.483	0.001	0.001
0.669	0.329	0.001	0.001
0.022	0.001	0.001	0.976
0.001	0.888	0.110	0.001
0.001	0.997	0.001	0.001
0.125	0.873	0.001	0.001
0.001	0.001	0.997	0.001
0.001	0.001	0.997	0.001
0.536	0.133	0.330	0.001
0.997	0.001	0.001	0.001
>GTCCTGTCGWCT	20-GTCCTGTCGWCT	10.494746	-21.859806	0	T:13.0(6.31%),B:281.3(0.57%),P:1e-9	Tpos:379.9,Tstd:284.6,Bpos:399.7,Bstd:253.9,StrandBias:0.7,Multiplicity:1.00
0.001	0.043	0.907	0.049
0.057	0.099	0.093	0.751
0.001	0.857	0.065	0.077
0.030	0.876	0.001	0.093
0.048	0.035	0.044	0.873
0.001	0.131	0.805	0.063
0.015	0.125	0.132	0.728
0.080	0.571	0.299	0.050
0.141	0.128	0.580	0.151
0.437	0.144	0.114	0.305
0.001	0.886	0.087	0.026
0.133	0.099	0.035	0.733
>GGGGCGGGGTCA	21-GGGGCGGGGTCA	9.283234	-17.073371	0	T:22.0(10.68%),B:1299.5(2.64%),P:1e-7	Tpos:372.1,Tstd:280.6,Bpos:390.7,Bstd:226.9,StrandBias:1.7,Multiplicity:1.91
0.109	0.066	0.720	0.105
0.072	0.073	0.754	0.101
0.102	0.055	0.700	0.143
0.180	0.171	0.609	0.040
0.142	0.612	0.175	0.071
0.109	0.098	0.677	0.116
0.102	0.113	0.719	0.066
0.138	0.116	0.657	0.089
0.057	0.120	0.675	0.148
0.126	0.099	0.170	0.605
0.049	0.713	0.170	0.068
0.564	0.110	0.156	0.170
>AGGGAGGAGGGG	22-AGGGAGGAGGGG	13.648359	-15.893194	0	T:14.0(6.80%),B:554.2(1.13%),P:1e-6	Tpos:528.6,Tstd:299.7,Bpos:380.3,Bstd:294.9,StrandBias:3.6,Multiplicity:2.86
0.896	0.001	0.001	0.102
0.001	0.001	0.997	0.001
0.001	0.001	0.997	0.001
0.001	0.001	0.997	0.001
0.997	0.001	0.001	0.001
0.001	0.001	0.997	0.001
0.001	0.001	0.997	0.001
0.940	0.001	0.058	0.001
0.001	0.001	0.997	0.001
0.001	0.001	0.997	0.001
0.001	0.001	0.997	0.001
0.001	0.001	0.997	0.001
>AGACAGGAAGTG	23-AGACAGGAAGTG	12.536692	-10.294776	0	T:5.0(2.43%),B:85.7(0.17%),P:1e-4	Tpos:237.2,Tstd:101.8,Bpos:394.4,Bstd:210.6,StrandBias:3.3,Multiplicity:2.20
0.997	0.001	0.001	0.001
0.001	0.103	0.584	0.312
0.997	0.001	0.001	0.001
0.001	0.997	0.001	0.001
0.997	0.001	0.001	0.001
0.001	0.001	0.997	0.001
0.001	0.001	0.997	0.001
0.997	0.001	0.001	0.001
0.997	0.001	0.001	0.001
0.001	0.001	0.997	0.001
0.001	0.001	0.001	0.997
0.166	0.001	0.832	0.001
>GACAGTGAGGGT	24-GACAGTGAGGGT	13.547261	-7.440798	0	T:3.0(1.46%),B:38.7(0.08%),P:1e-3	Tpos:950.3,Tstd:546.4,Bpos:365.2,Bstd:284.1,StrandBias:4.4,Multiplicity:14.33
0.001	0.001	0.997	0.001
0.997	0.001	0.001	0.001
0.001	0.997	0.001	0.001
0.997	0.001	0.001	0.001
0.001	0.001	0.997	0.001
0.051	0.001	0.001	0.947
0.001	0.001	0.997	0.001
0.997	0.001	0.001	0.001
0.001	0.001	0.997	0.001
0.001	0.001	0.997	0.001
0.001	0.001	0.921	0.077
0.001	0.001	0.001	0.997
>CTGATGCAGGGA	25-CTGATGCAGGGA	12.355432	-2.866651	0	T:1.0(0.49%),B:15.0(0.03%),P:1e-1	Tpos:981.1,Tstd:570.7,Bpos:378.3,Bstd:309.0,StrandBias:10.0,Multiplicity:44.00
0.100	0.700	0.100	0.100
0.100	0.100	0.100	0.700
0.100	0.100	0.700	0.100
0.700	0.100	0.100	0.100
0.100	0.100	0.100	0.700
0.100	0.100	0.700	0.100
0.100	0.700	0.100	0.100
0.700	0.100	0.100	0.100
0.100	0.100	0.700	0.100
0.100	0.100	0.700	0.100
0.100	0.100	0.700	0.100
0.700	0.100	0.100	0.100
>TATGKCTC	1-TATGKCTC	7.409592	-18.640458	0	T:44.0(21.36%),B:4138.6(8.40%),P:1e-8	Tpos:457.6,Tstd:374.9,Bpos:403.1,Bstd:250.1,StrandBias:0.1,Multiplicity:1.29
0.106	0.001	0.067	0.826
0.766	0.001	0.002	0.231
0.033	0.033	0.248	0.686
0.029	0.174	0.475	0.323
0.003	0.001	0.526	0.470
0.087	0.834	0.055	0.024
0.001	0.114	0.037	0.848
0.074	0.909	0.016	0.001
>ATCAGATG	2-ATCAGATG	3.112340	-18.582063	0	T:82.0(39.81%),B:10889.9(22.11%),P:1e-8	Tpos:361.3,Tstd:267.8,Bpos:403.5,Bstd:242.8,StrandBias:0.2,Multiplicity:1.41
0.997	0.001	0.001	0.001
0.344	0.001	0.001	0.654
0.001	0.625	0.001	0.373
0.723	0.275	0.001	0.001
0.001	0.001	0.997	0.001
0.734	0.001	0.151	0.114
0.001	0.001	0.001	0.997
0.001	0.001	0.997	0.001
>CTGATTGG	3-CTGATTGG	6.370190	-18.578781	0	T:45.0(21.84%),B:4302.3(8.74%),P:1e-8	Tpos:389.3,Tstd:241.8,Bpos:387.8,Bstd:223.4,StrandBias:0.6,Multiplicity:1.76
0.001	0.866	0.092	0.041
0.001	0.001	0.044	0.954
0.001	0.001	0.997	0.001
0.997	0.001	0.001	0.001
0.001	0.001	0.001	0.997
0.001	0.012	0.001	0.986
0.001	0.014	0.984	0.001
0.001	0.001	0.922	0.076
>CGSARTCA	4-CGSARTCA	2.658924	-18.235794	0	T:130.0(63.11%),B:21427.7(43.51%),P:1e-7	Tpos:462.9,Tstd:328.3,Bpos:402.3,Bstd:242.1,StrandBias:-0.1,Multiplicity:1.60
0.001	0.997	0.001	0.001
0.011	0.090	0.898	0.001
0.001	0.429	0.469	0.101
0.997	0.001	0.001	0.001
0.472	0.001	0.526	0.001
0.001	0.001	0.001	0.997
0.089	0.894	0.001	0.016
0.997	0.001	0.001	0.001
>CATCAGGC	5-CATCAGGC	6.588864	-16.491031	0	T:69.0(33.50%),B:8853.0(17.98%),P:1e-7	Tpos:606.9,Tstd:486.7,Bpos:409.0,Bstd:244.3,StrandBias:-1.1,Multiplicity:1.83
0.001	0.923	0.001	0.075
0.759	0.001	0.069	0.171
0.001	0.001	0.001	0.997
0.001	0.997	0.001	0.001
0.997	0.001	0.001	0.001
0.001	0.001	0.997	0.001
0.001	0.001	0.997	0.001
0.001	0.878	0.001	0.120
>TTCGAAAG	6-TTCGAAAG	8.383819	-16.287993	0	T:33.0(16.02%),B:2805.3(5.70%),P:1e-7	Tpos:487.6,Tstd:386.8,Bpos:409.5,Bstd:239.1,StrandBias:0.1,Multiplicity:1.24
0.001	0.001	0.001	0.997
0.001	0.001	0.178	0.820
0.016	0.751	0.001	0.232
0.381	0.001	0.581	0.037
0.916	0.001	0.082	0.001
0.997	0.001	0.001	0.001
0.997	0.001	0.001	0.001
0.021	0.001	0.947	0.031
>ADTTRCAW	7-ADTTRCAW	4.902573	-15.701348	0	T:36.0(17.48%),B:3323.6(6.75%),P:1e-6	Tpos:380.2,Tstd:221.3,Bpos:393.8,Bstd:235.8,StrandBias:0.6,Multiplicity:1.47
0.494	0.001	0.240	0.265
0.248	0.012	0.354	0.386
0.121	0.155	0.077	0.647
0.170	0.258	0.110	0.462
0.481	0.011	0.404	0.104
0.318	0.476	0.206	0.001
0.523	0.197	0.279	0.001
0.301	0.126	0.194	0.379
>ACAGGACG	8-ACAGGACG	7.342387	-14.894392	0	T:71.0(34.47%),B:9609.6(19.51%),P:1e-6	Tpos:449.1,Tstd:366.8,Bpos:403.6,Bstd:247.1,StrandBias:0.2,Multiplicity:1.30
0.997	0.001	0.001	0.001
0.001	0.945	0.053	0.001
0.997	0.001	0.001	0.001
0.052	0.001	0.946	0.001
0.001	0.028	0.970	0.001
0.957	0.001	0.001	0.041
0.319	0.610	0.001	0.070
0.001	0.146	0.852	0.001
>TGTCGGAC	9-TGTCGGAC	8.783335	-12.323214	0	T:8.0(3.88%),B:216.3(0.44%),P:1e-5	Tpos:413.9,Tstd:121.1,Bpos:424.2,Bstd:230.4,StrandBias:0.0,Multiplicity:1.00
0.049	0.045	0.306	0.600
0.110	0.031	0.831	0.028
0.124	0.025	0.088	0.763
0.059	0.939	0.001	0.001
0.001	0.398	0.600	0.001
0.025	0.001	0.870	0.104
0.766	0.126	0.001	0.107
0.230	0.697	0.001	0.072
>GTTATCCT	10-GTTATCCT	8.236954	-10.889567	0	T:10.0(4.85%),B:436.3(0.89%),P:1e-4	Tpos:379.2,Tstd:405.6,Bpos:410.6,Bstd:238.2,StrandBias:0.6,Multiplicity:1.00
0.100	0.100	0.700	0.100
0.100	0.100	0.100	0.700
0.100	0.100	0.100	0.700
0.700	0.100	0.100	0.100
0.100	0.100	0.100	0.700
0.100	0.700	0.100	0.100
0.100	0.700	0.100	0.100
0.100	0.100	0.100	0.700
>CTCTCKCT	11-CTCTCKCT	4.942012	-10.471409	0	T:95.0(46.12%),B:15955.0(32.40%),P:1e-4	Tpos:478.9,Tstd:366.9,Bpos:399.0,Bstd:263.7,StrandBias:-0.6,Multiplicity:1.72
0.191	0.494	0.264	0.051
0.127	0.001	0.238	0.634
0.262	0.522	0.189	0.027
0.176	0.145	0.140	0.539
0.173	0.515	0.121	0.191
0.145	0.114	0.303	0.439
0.004	0.575	0.113	0.308
0.001	0.160	0.336	0.503
>GTCTGAGG	12-GTCTGAGG	8.043407	-8.651801	0	T:49.0(23.79%),B:7007.7(14.23%),P:1e-3	Tpos:454.6,Tstd:305.3,Bpos:401.7,Bstd:258.0,StrandBias:2.3,Multiplicity:1.72
0.001	0.001	0.997	0.001
0.001	0.001	0.001	0.997
0.001	0.778	0.220	0.001
0.001	0.071	0.001	0.927
0.001	0.001	0.997	0.001
0.997	0.001	0.001	0.001
0.125	0.001	0.873	0.001
0.001	0.001	0.997	0.001
>CCCGCCCC	13-CCCGCCCC	8.522216	-8.420015	0	T:86.0(41.75%),B:14762.5(29.98%),P:1e-3	Tpos:498.5,Tstd:317.0,Bpos:395.1,Bstd:222.9,StrandBias:-0.5,Multiplicity:2.36
0.001	0.860	0.001	0.138
0.070	0.928	0.001	0.001
0.001	0.997	0.001	0.001
0.001	0.001	0.997	0.001
0.001	0.997	0.001	0.001
0.001	0.997	0.001	0.001
0.110	0.888	0.001	0.001
0.114	0.884	0.001	0.001
>GGAGSGGT	14-GGAGSGGT	9.473977	-3.908369	0	T:68.0(33.01%),B:12979.1(26.36%),P:1e-1	Tpos:487.7,Tstd:343.5,Bpos:404.3,Bstd:252.0,StrandBias:1.1,Multiplicity:2.14
0.001	0.001	0.997	0.001
0.001	0.001	0.997	0.001
0.997	0.001	0.001	0.001
0.001	0.001	0.997	0.001
0.001	0.463	0.535	0.001
0.001	0.001	0.997	0.001
0.001	0.001	0.997	0.001
0.001	0.378	0.001	0.620
>GCGCCTCA	15-GCGCCTCA	8.236954	-3.679178	0	T:9.0(4.37%),B:995.3(2.02%),P:1e-1	Tpos:865.8,Tstd:567.0,Bpos:412.4,Bstd:241.4,StrandBias:-2.3,Multiplicity:4.00
0.100	0.100	0.700	0.100
0.100	0.700	0.100	0.100
0.100	0.100	0.700	0.100
0.100	0.700	0.100	0.100
0.100	0.700	0.100	0.100
0.100	0.100	0.100	0.700
0.100	0.700	0.100	0.100
0.700	0.100	0.100	0.100
>TCCCCCCA	16-TCCCCCCA	10.639462	-3.113578	0	T:22.0(10.68%),B:3568.9(7.25%),P:1e-1	Tpos:435.5,Tstd:279.1,Bpos:407.6,Bstd:246.3,StrandBias:-0.9,Multiplicity:1.38
0.001	0.001	0.001	0.997
0.001	0.997	0.001	0.001
0.001	0.997	0.001	0.001
0.001	0.997	0.001	0.001
0.179	0.819	0.001	0.001
0.001	0.997	0.001	0.001
0.001	0.997	0.001	0.001
0.792	0.206	0.001	0.001
>TCACTGTC	17-TCACTGTC	8.236954	-1.206519	0	T:10.0(4.85%),B:1947.2(3.95%),P:1e0	Tpos:888.4,Tstd:551.9,Bpos:402.4,Bstd:253.4,StrandBias:-2.8,Multiplicity:5.44
0.100	0.100	0.100	0.700
0.100	0.700	0.100	0.100
0.700	0.100	0.100	0.100
0.100	0.700	0.100	0.100
0.100	0.100	0.100	0.700
0.100	0.100	0.700	0.100
0.100	0.100	0.100	0.700
0.100	0.700	0.100	0.100
