>TATGKCTC	1-TATGKCTC	7.409592	-18.640458	0	T:44.0(21.36%),B:4138.6(8.40%),P:1e-8	Tpos:457.6,Tstd:374.9,Bpos:403.1,Bstd:250.1,StrandBias:0.1,Multiplicity:1.29
0.106	0.001	0.067	0.826
0.766	0.001	0.002	0.231
0.033	0.033	0.248	0.686
0.029	0.174	0.475	0.323
0.003	0.001	0.526	0.470
0.087	0.834	0.055	0.024
0.001	0.114	0.037	0.848
0.074	0.909	0.016	0.001
>ATCAGATG	2-ATCAGATG	3.112340	-18.582063	0	T:82.0(39.81%),B:10889.9(22.11%),P:1e-8	Tpos:361.3,Tstd:267.8,Bpos:403.5,Bstd:242.8,StrandBias:0.2,Multiplicity:1.41
0.997	0.001	0.001	0.001
0.344	0.001	0.001	0.654
0.001	0.625	0.001	0.373
0.723	0.275	0.001	0.001
0.001	0.001	0.997	0.001
0.734	0.001	0.151	0.114
0.001	0.001	0.001	0.997
0.001	0.001	0.997	0.001
>CTGATTGG	3-CTGATTGG	6.370190	-18.578781	0	T:45.0(21.84%),B:4302.3(8.74%),P:1e-8	Tpos:389.3,Tstd:241.8,Bpos:387.8,Bstd:223.4,StrandBias:0.6,Multiplicity:1.76
0.001	0.866	0.092	0.041
0.001	0.001	0.044	0.954
0.001	0.001	0.997	0.001
0.997	0.001	0.001	0.001
0.001	0.001	0.001	0.997
0.001	0.012	0.001	0.986
0.001	0.014	0.984	0.001
0.001	0.001	0.922	0.076
>CGSARTCA	4-CGSARTCA	2.658924	-18.235794	0	T:130.0(63.11%),B:21427.7(43.51%),P:1e-7	Tpos:462.9,Tstd:328.3,Bpos:402.3,Bstd:242.1,StrandBias:-0.1,Multiplicity:1.60
0.001	0.997	0.001	0.001
0.011	0.090	0.898	0.001
0.001	0.429	0.469	0.101
0.997	0.001	0.001	0.001
0.472	0.001	0.526	0.001
0.001	0.001	0.001	0.997
0.089	0.894	0.001	0.016
0.997	0.001	0.001	0.001
>CATCAGGC	5-CATCAGGC	6.588864	-16.491031	0	T:69.0(33.50%),B:8853.0(17.98%),P:1e-7	Tpos:606.9,Tstd:486.7,Bpos:409.0,Bstd:244.3,StrandBias:-1.1,Multiplicity:1.83
0.001	0.923	0.001	0.075
0.759	0.001	0.069	0.171
0.001	0.001	0.001	0.997
0.001	0.997	0.001	0.001
0.997	0.001	0.001	0.001
0.001	0.001	0.997	0.001
0.001	0.001	0.997	0.001
0.001	0.878	0.001	0.120
>TTCGAAAG	6-TTCGAAAG	8.383819	-16.287993	0	T:33.0(16.02%),B:2805.3(5.70%),P:1e-7	Tpos:487.6,Tstd:386.8,Bpos:409.5,Bstd:239.1,StrandBias:0.1,Multiplicity:1.24
0.001	0.001	0.001	0.997
0.001	0.001	0.178	0.820
0.016	0.751	0.001	0.232
0.381	0.001	0.581	0.037
0.916	0.001	0.082	0.001
0.997	0.001	0.001	0.001
0.997	0.001	0.001	0.001
0.021	0.001	0.947	0.031
>ADTTRCAW	7-ADTTRCAW	4.902573	-15.701348	0	T:36.0(17.48%),B:3323.6(6.75%),P:1e-6	Tpos:380.2,Tstd:221.3,Bpos:393.8,Bstd:235.8,StrandBias:0.6,Multiplicity:1.47
0.494	0.001	0.240	0.265
0.248	0.012	0.354	0.386
0.121	0.155	0.077	0.647
0.170	0.258	0.110	0.462
0.481	0.011	0.404	0.104
0.318	0.476	0.206	0.001
0.523	0.197	0.279	0.001
0.301	0.126	0.194	0.379
>ACAGGACG	8-ACAGGACG	7.342387	-14.894392	0	T:71.0(34.47%),B:9609.6(19.51%),P:1e-6	Tpos:449.1,Tstd:366.8,Bpos:403.6,Bstd:247.1,StrandBias:0.2,Multiplicity:1.30
0.997	0.001	0.001	0.001
0.001	0.945	0.053	0.001
0.997	0.001	0.001	0.001
0.052	0.001	0.946	0.001
0.001	0.028	0.970	0.001
0.957	0.001	0.001	0.041
0.319	0.610	0.001	0.070
0.001	0.146	0.852	0.001
>TGTCGGAC	9-TGTCGGAC	8.783335	-12.323214	0	T:8.0(3.88%),B:216.3(0.44%),P:1e-5	Tpos:413.9,Tstd:121.1,Bpos:424.2,Bstd:230.4,StrandBias:0.0,Multiplicity:1.00
0.049	0.045	0.306	0.600
0.110	0.031	0.831	0.028
0.124	0.025	0.088	0.763
0.059	0.939	0.001	0.001
0.001	0.398	0.600	0.001
0.025	0.001	0.870	0.104
0.766	0.126	0.001	0.107
0.230	0.697	0.001	0.072
>GTTATCCT	10-GTTATCCT	8.236954	-10.889567	0	T:10.0(4.85%),B:436.3(0.89%),P:1e-4	Tpos:379.2,Tstd:405.6,Bpos:410.6,Bstd:238.2,StrandBias:0.6,Multiplicity:1.00
0.100	0.100	0.700	0.100
0.100	0.100	0.100	0.700
0.100	0.100	0.100	0.700
0.700	0.100	0.100	0.100
0.100	0.100	0.100	0.700
0.100	0.700	0.100	0.100
0.100	0.700	0.100	0.100
0.100	0.100	0.100	0.700
>CTCTCKCT	11-CTCTCKCT	4.942012	-10.471409	0	T:95.0(46.12%),B:15955.0(32.40%),P:1e-4	Tpos:478.9,Tstd:366.9,Bpos:399.0,Bstd:263.7,StrandBias:-0.6,Multiplicity:1.72
0.191	0.494	0.264	0.051
0.127	0.001	0.238	0.634
0.262	0.522	0.189	0.027
0.176	0.145	0.140	0.539
0.173	0.515	0.121	0.191
0.145	0.114	0.303	0.439
0.004	0.575	0.113	0.308
0.001	0.160	0.336	0.503
>GTCTGAGG	12-GTCTGAGG	8.043407	-8.651801	0	T:49.0(23.79%),B:7007.7(14.23%),P:1e-3	Tpos:454.6,Tstd:305.3,Bpos:401.7,Bstd:258.0,StrandBias:2.3,Multiplicity:1.72
0.001	0.001	0.997	0.001
0.001	0.001	0.001	0.997
0.001	0.778	0.220	0.001
0.001	0.071	0.001	0.927
0.001	0.001	0.997	0.001
0.997	0.001	0.001	0.001
0.125	0.001	0.873	0.001
0.001	0.001	0.997	0.001
>CCCGCCCC	13-CCCGCCCC	8.522216	-8.420015	0	T:86.0(41.75%),B:14762.5(29.98%),P:1e-3	Tpos:498.5,Tstd:317.0,Bpos:395.1,Bstd:222.9,StrandBias:-0.5,Multiplicity:2.36
0.001	0.860	0.001	0.138
0.070	0.928	0.001	0.001
0.001	0.997	0.001	0.001
0.001	0.001	0.997	0.001
0.001	0.997	0.001	0.001
0.001	0.997	0.001	0.001
0.110	0.888	0.001	0.001
0.114	0.884	0.001	0.001
>GGAGSGGT	14-GGAGSGGT	9.473977	-3.908369	0	T:68.0(33.01%),B:12979.1(26.36%),P:1e-1	Tpos:487.7,Tstd:343.5,Bpos:404.3,Bstd:252.0,StrandBias:1.1,Multiplicity:2.14
0.001	0.001	0.997	0.001
0.001	0.001	0.997	0.001
0.997	0.001	0.001	0.001
0.001	0.001	0.997	0.001
0.001	0.463	0.535	0.001
0.001	0.001	0.997	0.001
0.001	0.001	0.997	0.001
0.001	0.378	0.001	0.620
>GCGCCTCA	15-GCGCCTCA	8.236954	-3.679178	0	T:9.0(4.37%),B:995.3(2.02%),P:1e-1	Tpos:865.8,Tstd:567.0,Bpos:412.4,Bstd:241.4,StrandBias:-2.3,Multiplicity:4.00
0.100	0.100	0.700	0.100
0.100	0.700	0.100	0.100
0.100	0.100	0.700	0.100
0.100	0.700	0.100	0.100
0.100	0.700	0.100	0.100
0.100	0.100	0.100	0.700
0.100	0.700	0.100	0.100
0.700	0.100	0.100	0.100
>TCCCCCCA	16-TCCCCCCA	10.639462	-3.113578	0	T:22.0(10.68%),B:3568.9(7.25%),P:1e-1	Tpos:435.5,Tstd:279.1,Bpos:407.6,Bstd:246.3,StrandBias:-0.9,Multiplicity:1.38
0.001	0.001	0.001	0.997
0.001	0.997	0.001	0.001
0.001	0.997	0.001	0.001
0.001	0.997	0.001	0.001
0.179	0.819	0.001	0.001
0.001	0.997	0.001	0.001
0.001	0.997	0.001	0.001
0.792	0.206	0.001	0.001
>TCACTGTC	17-TCACTGTC	8.236954	-1.206519	0	T:10.0(4.85%),B:1947.2(3.95%),P:1e0	Tpos:888.4,Tstd:551.9,Bpos:402.4,Bstd:253.4,StrandBias:-2.8,Multiplicity:5.44
0.100	0.100	0.100	0.700
0.100	0.700	0.100	0.100
0.700	0.100	0.100	0.100
0.100	0.700	0.100	0.100
0.100	0.100	0.100	0.700
0.100	0.100	0.700	0.100
0.100	0.100	0.100	0.700
0.100	0.700	0.100	0.100
