>AAATGGTGAG	1-AAATGGTGAG	12.348682	-32.894527	0	T:14.0(6.80%),B:148.4(0.30%),P:1e-14	Tpos:403.8,Tstd:128.7,Bpos:434.1,Bstd:232.0,StrandBias:1.3,Multiplicity:1.00
0.997	0.001	0.001	0.001
0.997	0.001	0.001	0.001
0.997	0.001	0.001	0.001
0.001	0.226	0.001	0.772
0.001	0.001	0.997	0.001
0.001	0.001	0.997	0.001
0.001	0.001	0.001	0.997
0.001	0.001	0.997	0.001
0.997	0.001	0.001	0.001
0.001	0.001	0.997	0.001
>NCCAATCAGN	2-NCCAATCAGN	6.361461	-30.773799	0	T:18.0(8.74%),B:367.5(0.75%),P:1e-13	Tpos:355.7,Tstd:149.7,Bpos:368.1,Bstd:205.9,StrandBias:-0.7,Multiplicity:1.44
0.213	0.211	0.244	0.331
0.158	0.505	0.147	0.190
0.141	0.509	0.185	0.165
0.620	0.113	0.104	0.163
0.527	0.126	0.180	0.167
0.117	0.157	0.128	0.598
0.167	0.554	0.121	0.158
0.554	0.161	0.171	0.114
0.170	0.172	0.528	0.130
0.205	0.227	0.274	0.294
>CGAGATTATA	3-CGAGATTATA	6.660984	-29.819438	0	T:12.0(5.83%),B:112.5(0.23%),P:1e-12	Tpos:437.2,Tstd:316.9,Bpos:353.4,Bstd:239.8,StrandBias:1.6,Multiplicity:1.00
0.001	0.997	0.001	0.001
0.001	0.001	0.997	0.001
0.997	0.001	0.001	0.001
0.287	0.001	0.711	0.001
0.991	0.007	0.001	0.001
0.004	0.001	0.001	0.994
0.001	0.001	0.001	0.997
0.994	0.001	0.001	0.004
0.270	0.001	0.001	0.728
0.997	0.001	0.001	0.001
>TGTGGCGGGA	4-TGTGGCGGGA	11.292826	-27.560085	0	T:13.0(6.31%),B:176.7(0.36%),P:1e-11	Tpos:423.8,Tstd:183.2,Bpos:467.9,Bstd:230.9,StrandBias:0.7,Multiplicity:1.00
0.001	0.001	0.001	0.997
0.112	0.001	0.886	0.001
0.001	0.001	0.001	0.997
0.001	0.107	0.891	0.001
0.001	0.001	0.997	0.001
0.001	0.997	0.001	0.001
0.001	0.001	0.997	0.001
0.001	0.099	0.899	0.001
0.001	0.001	0.997	0.001
0.997	0.001	0.001	0.001
>GCAGAGCTAC	5-GCAGAGCTAC	9.702530	-25.843414	0	T:28.0(13.59%),B:1365.3(2.77%),P:1e-11	Tpos:449.5,Tstd:291.0,Bpos:401.0,Bstd:252.0,StrandBias:-1.2,Multiplicity:1.07
0.001	0.001	0.929	0.069
0.068	0.865	0.066	0.001
0.997	0.001	0.001	0.001
0.076	0.062	0.861	0.001
0.948	0.001	0.050	0.001
0.001	0.001	0.997	0.001
0.001	0.928	0.070	0.001
0.001	0.001	0.001	0.997
0.699	0.001	0.299	0.001
0.058	0.835	0.037	0.070
>AGGGAWTTCC	6-AGGGAWTTCC	8.736640	-25.637645	0	T:35.0(16.99%),B:2156.9(4.38%),P:1e-11	Tpos:428.2,Tstd:295.2,Bpos:402.5,Bstd:251.3,StrandBias:-0.3,Multiplicity:1.03
0.534	0.123	0.342	0.001
0.001	0.214	0.784	0.001
0.001	0.187	0.811	0.001
0.418	0.001	0.580	0.001
0.959	0.001	0.001	0.039
0.440	0.001	0.001	0.558
0.116	0.184	0.001	0.699
0.001	0.054	0.268	0.677
0.001	0.770	0.106	0.123
0.001	0.997	0.001	0.001
>CTGCCTGAAA	7-CTGCCTGAAA	9.108657	-25.497202	0	T:18.0(8.74%),B:506.1(1.03%),P:1e-11	Tpos:370.6,Tstd:235.7,Bpos:400.7,Bstd:243.0,StrandBias:-0.3,Multiplicity:1.00
0.001	0.946	0.052	0.001
0.093	0.001	0.001	0.905
0.001	0.001	0.997	0.001
0.001	0.997	0.001	0.001
0.001	0.997	0.001	0.001
0.001	0.100	0.001	0.898
0.001	0.001	0.997	0.001
0.997	0.001	0.001	0.001
0.997	0.001	0.001	0.001
0.997	0.001	0.001	0.001
>AATGCAAATG	8-AATGCAAATG	9.902109	-25.375041	0	T:23.0(11.17%),B:911.7(1.85%),P:1e-11	Tpos:384.0,Tstd:287.8,Bpos:403.4,Bstd:239.7,StrandBias:0.4,Multiplicity:1.13
0.905	0.001	0.051	0.043
0.952	0.046	0.001	0.001
0.140	0.001	0.043	0.816
0.056	0.054	0.841	0.049
0.001	0.927	0.032	0.040
0.997	0.001	0.001	0.001
0.956	0.001	0.042	0.001
0.997	0.001	0.001	0.001
0.001	0.001	0.001	0.997
0.192	0.001	0.772	0.035
>CATAAGATGK	9-CATAAGATGK	9.665597	-24.243705	0	T:18.0(8.74%),B:547.1(1.11%),P:1e-10	Tpos:436.4,Tstd:252.3,Bpos:389.1,Bstd:235.9,StrandBias:0.3,Multiplicity:1.22
0.001	0.826	0.172	0.001
0.885	0.001	0.064	0.050
0.001	0.001	0.251	0.747
0.854	0.100	0.001	0.045
0.936	0.001	0.062	0.001
0.001	0.064	0.887	0.048
0.786	0.125	0.043	0.046
0.001	0.051	0.042	0.906
0.083	0.071	0.704	0.142
0.086	0.043	0.499	0.372
>TGTCGGACCC	10-TGTCGGACCC	13.692032	-23.989703	0	T:7.0(3.40%),B:27.8(0.06%),P:1e-10	Tpos:433.3,Tstd:116.2,Bpos:457.8,Bstd:229.2,StrandBias:-0.4,Multiplicity:1.00
0.001	0.001	0.001	0.997
0.001	0.001	0.997	0.001
0.001	0.001	0.001	0.997
0.001	0.997	0.001	0.001
0.001	0.001	0.997	0.001
0.001	0.001	0.997	0.001
0.997	0.001	0.001	0.001
0.001	0.997	0.001	0.001
0.001	0.866	0.001	0.132
0.001	0.997	0.001	0.001
>ATTGGGAGAT	11-ATTGGGAGAT	10.296193	-23.438254	0	T:8.0(3.88%),B:50.6(0.10%),P:1e-10	Tpos:362.2,Tstd:143.9,Bpos:439.8,Bstd:218.2,StrandBias:0.7,Multiplicity:1.00
0.700	0.100	0.100	0.100
0.100	0.100	0.100	0.700
0.100	0.100	0.100	0.700
0.100	0.100	0.700	0.100
0.100	0.100	0.700	0.100
0.100	0.100	0.700	0.100
0.700	0.100	0.100	0.100
0.100	0.100	0.700	0.100
0.700	0.100	0.100	0.100
0.100	0.100	0.100	0.700
>TGTTATCCTG	12-TGTTATCCTG	11.004954	-21.516653	0	T:12.0(5.83%),B:232.9(0.47%),P:1e-9	Tpos:383.6,Tstd:378.9,Bpos:391.8,Bstd:247.1,StrandBias:0.5,Multiplicity:1.00
0.001	0.001	0.001	0.997
0.001	0.001	0.925	0.073
0.001	0.001	0.001	0.997
0.001	0.001	0.001	0.997
0.997	0.001	0.001	0.001
0.001	0.001	0.001	0.997
0.001	0.901	0.001	0.097
0.001	0.997	0.001	0.001
0.001	0.001	0.001	0.997
0.001	0.107	0.891	0.001
>ATCCCGAAAG	13-ATCCCGAAAG	10.462988	-19.673044	0	T:11.0(5.34%),B:216.3(0.44%),P:1e-8	Tpos:362.5,Tstd:144.2,Bpos:405.4,Bstd:229.3,StrandBias:-0.3,Multiplicity:1.00
0.749	0.001	0.001	0.249
0.001	0.244	0.001	0.754
0.001	0.997	0.001	0.001
0.001	0.614	0.001	0.384
0.001	0.997	0.001	0.001
0.001	0.001	0.997	0.001
0.900	0.001	0.098	0.001
0.997	0.001	0.001	0.001
0.997	0.001	0.001	0.001
0.001	0.001	0.997	0.001
>YGGTTKGAAC	14-YGGTTKGAAC	7.876874	-19.199791	0	T:35.0(16.99%),B:2751.0(5.59%),P:1e-8	Tpos:343.9,Tstd:245.6,Bpos:404.8,Bstd:240.5,StrandBias:-0.1,Multiplicity:1.11
0.001	0.444	0.001	0.554
0.001	0.244	0.604	0.151
0.001	0.132	0.866	0.001
0.001	0.001	0.274	0.724
0.001	0.042	0.037	0.920
0.001	0.091	0.527	0.381
0.084	0.107	0.750	0.059
0.932	0.001	0.001	0.066
0.692	0.001	0.165	0.142
0.001	0.618	0.103	0.278
>CGGGCGTCCT	15-CGGGCGTCCT	10.296193	-18.148241	0	T:8.0(3.88%),B:99.3(0.20%),P:1e-7	Tpos:347.0,Tstd:283.0,Bpos:498.9,Bstd:243.5,StrandBias:-0.7,Multiplicity:1.00
0.100	0.700	0.100	0.100
0.100	0.100	0.700	0.100
0.100	0.100	0.700	0.100
0.100	0.100	0.700	0.100
0.100	0.700	0.100	0.100
0.100	0.100	0.700	0.100
0.100	0.100	0.100	0.700
0.100	0.700	0.100	0.100
0.100	0.700	0.100	0.100
0.100	0.100	0.100	0.700
>GGATGTTCCT	16-GGATGTTCCT	10.296193	-17.768886	0	T:7.0(3.40%),B:67.1(0.14%),P:1e-7	Tpos:501.7,Tstd:411.3,Bpos:399.8,Bstd:254.1,StrandBias:1.3,Multiplicity:1.00
0.100	0.100	0.700	0.100
0.100	0.100	0.700	0.100
0.700	0.100	0.100	0.100
0.100	0.100	0.100	0.700
0.100	0.100	0.700	0.100
0.100	0.100	0.100	0.700
0.100	0.100	0.100	0.700
0.100	0.700	0.100	0.100
0.100	0.700	0.100	0.100
0.100	0.100	0.100	0.700
>CGAYTAGTKA	17-CGAYTAGTKA	11.974844	-16.163244	0	T:3.0(1.46%),B:2.1(0.00%),P:1e-7	Tpos:176.7,Tstd:36.3,Bpos:366.6,Bstd:86.7,StrandBias:10.0,Multiplicity:1.00
0.001	0.997	0.001	0.001
0.001	0.001	0.997	0.001
0.997	0.001	0.001	0.001
0.203	0.430	0.001	0.366
0.001	0.001	0.001	0.997
0.836	0.001	0.001	0.162
0.001	0.001	0.997	0.001
0.001	0.001	0.001	0.997
0.203	0.001	0.430	0.366
0.997	0.001	0.001	0.001
>GGGGMGGGGC	18-GGGGMGGGGC	10.154654	-14.593898	0	T:65.0(31.55%),B:8528.3(17.32%),P:1e-6	Tpos:511.4,Tstd:306.4,Bpos:389.2,Bstd:232.1,StrandBias:1.4,Multiplicity:2.51
0.001	0.017	0.981	0.001
0.177	0.001	0.821	0.001
0.001	0.001	0.997	0.001
0.140	0.001	0.807	0.052
0.534	0.464	0.001	0.001
0.001	0.001	0.997	0.001
0.001	0.001	0.993	0.005
0.274	0.001	0.724	0.001
0.085	0.001	0.913	0.001
0.001	0.578	0.001	0.420
>TGAGTCTTAG	19-TGAGTCTTAG	6.541067	-13.748819	0	T:17.0(8.25%),B:981.3(1.99%),P:1e-5	Tpos:571.4,Tstd:317.5,Bpos:400.2,Bstd:279.5,StrandBias:2.3,Multiplicity:2.47
0.001	0.001	0.001	0.997
0.001	0.001	0.997	0.001
0.677	0.001	0.321	0.001
0.001	0.001	0.997	0.001
0.001	0.001	0.001	0.997
0.001	0.997	0.001	0.001
0.001	0.001	0.001	0.997
0.001	0.001	0.352	0.646
0.997	0.001	0.001	0.001
0.001	0.001	0.997	0.001
>GCMTGATGCG	20-GCMTGATGCG	11.766231	-11.147322	0	T:5.0(2.43%),B:72.0(0.15%),P:1e-4	Tpos:505.4,Tstd:148.7,Bpos:444.4,Bstd:229.9,StrandBias:0.6,Multiplicity:1.00
0.001	0.001	0.997	0.001
0.001	0.997	0.001	0.001
0.545	0.453	0.001	0.001
0.001	0.001	0.001	0.997
0.001	0.318	0.680	0.001
0.997	0.001	0.001	0.001
0.001	0.001	0.001	0.997
0.001	0.001	0.997	0.001
0.001	0.997	0.001	0.001
0.127	0.001	0.871	0.001
>GTCKGAAGGA	21-GTCKGAAGGA	10.246852	-7.771241	0	T:6.0(2.91%),B:226.2(0.46%),P:1e-3	Tpos:363.8,Tstd:333.5,Bpos:387.7,Bstd:253.3,StrandBias:10.0,Multiplicity:1.00
0.069	0.062	0.868	0.001
0.021	0.001	0.019	0.959
0.004	0.706	0.289	0.001
0.001	0.001	0.564	0.434
0.001	0.054	0.944	0.001
0.927	0.021	0.051	0.001
0.765	0.001	0.105	0.129
0.091	0.001	0.900	0.008
0.207	0.219	0.408	0.166
0.668	0.330	0.001	0.001
>GKGAAGDRGC	22-GKGAAGDRGC	8.037061	-6.868420	0	T:7.0(3.40%),B:370.7(0.75%),P:1e-2	Tpos:552.9,Tstd:348.8,Bpos:423.9,Bstd:249.2,StrandBias:1.0,Multiplicity:1.29
0.038	0.136	0.816	0.010
0.022	0.094	0.511	0.373
0.046	0.010	0.930	0.014
0.640	0.148	0.102	0.110
0.456	0.126	0.249	0.169
0.213	0.242	0.460	0.086
0.249	0.127	0.285	0.338
0.389	0.101	0.360	0.151
0.101	0.129	0.612	0.158
0.053	0.761	0.007	0.179
>CCTCACTGTC	23-CCTCACTGTC	10.329344	-4.950876	0	T:6.0(2.91%),B:399.9(0.81%),P:1e-2	Tpos:911.4,Tstd:553.8,Bpos:410.3,Bstd:260.8,StrandBias:-3.8,Multiplicity:7.67
0.001	0.997	0.001	0.001
0.001	0.997	0.001	0.001
0.001	0.001	0.001	0.997
0.001	0.997	0.001	0.001
0.997	0.001	0.001	0.001
0.001	0.997	0.001	0.001
0.001	0.001	0.001	0.997
0.001	0.001	0.997	0.001
0.001	0.001	0.001	0.997
0.001	0.968	0.001	0.030
>GTGAGGCGCA	24-GTGAGGCGCA	10.296193	-3.424998	0	T:2.0(0.97%),B:67.7(0.14%),P:1e-1	Tpos:920.6,Tstd:612.7,Bpos:349.2,Bstd:283.6,StrandBias:10.0,Multiplicity:14.50
0.100	0.100	0.700	0.100
0.100	0.100	0.100	0.700
0.100	0.100	0.700	0.100
0.700	0.100	0.100	0.100
0.100	0.100	0.700	0.100
0.100	0.100	0.700	0.100
0.100	0.700	0.100	0.100
0.100	0.100	0.700	0.100
0.100	0.700	0.100	0.100
0.700	0.100	0.100	0.100
>TGATGCAGGG	25-TGATGCAGGG	10.296193	-0.916076	0	T:1.0(0.49%),B:122.2(0.25%),P:1e0	Tpos:981.1,Tstd:570.7,Bpos:403.4,Bstd:274.0,StrandBias:10.0,Multiplicity:44.00
0.100	0.100	0.100	0.700
0.100	0.100	0.700	0.100
0.700	0.100	0.100	0.100
0.100	0.100	0.100	0.700
0.100	0.100	0.700	0.100
0.100	0.700	0.100	0.100
0.700	0.100	0.100	0.100
0.100	0.100	0.700	0.100
0.100	0.100	0.700	0.100
0.100	0.100	0.700	0.100
