>MTGASTCABHNH	1-MTGASTCABHNH	9.426297	-226.858530	0	T:2124.0(34.01%),B:9858.5(22.30%),P:1e-98	Tpos:2682.2,Tstd:3120.7,Bpos:1609.5,Bstd:987.3,StrandBias:-0.0,Multiplicity:1.39
0.464	0.366	0.169	0.001
0.001	0.001	0.001	0.997
0.001	0.001	0.997	0.001
0.997	0.001	0.001	0.001
0.010	0.503	0.486	0.001
0.001	0.001	0.001	0.997
0.001	0.997	0.001	0.001
0.997	0.001	0.001	0.001
0.001	0.253	0.390	0.356
0.378	0.321	0.017	0.285
0.212	0.292	0.283	0.214
0.263	0.307	0.153	0.277
>AGAGCHGGGCTG	2-AGAGCHGGGCTG	10.427768	-70.306398	0	T:868.0(13.90%),B:4135.5(9.35%),P:1e-30	Tpos:3160.9,Tstd:3745.2,Bpos:1618.5,Bstd:992.3,StrandBias:0.2,Multiplicity:1.20
0.946	0.001	0.027	0.026
0.063	0.177	0.759	0.001
0.814	0.060	0.089	0.037
0.001	0.012	0.944	0.043
0.034	0.822	0.143	0.001
0.318	0.375	0.035	0.272
0.357	0.021	0.620	0.002
0.048	0.001	0.922	0.029
0.013	0.001	0.969	0.017
0.001	0.961	0.001	0.037
0.001	0.001	0.001	0.997
0.001	0.034	0.875	0.090
>AGSARACAGCTG	3-AGSARACAGCTG	8.326492	-54.308168	0	T:1494.0(23.92%),B:8293.4(18.76%),P:1e-23	Tpos:2936.9,Tstd:3550.0,Bpos:1630.8,Bstd:997.2,StrandBias:-0.1,Multiplicity:1.26
0.477	0.003	0.204	0.315
0.202	0.094	0.460	0.244
0.211	0.393	0.251	0.146
0.626	0.221	0.001	0.152
0.451	0.215	0.332	0.002
0.460	0.198	0.253	0.090
0.176	0.663	0.158	0.003
0.857	0.002	0.001	0.140
0.015	0.002	0.783	0.200
0.168	0.751	0.007	0.074
0.314	0.002	0.001	0.683
0.009	0.233	0.601	0.157
>GGAGGCCTGGCC	4-GGAGGCCTGGCC	10.927284	-53.613674	0	T:503.0(8.05%),B:2228.5(5.04%),P:1e-23	Tpos:3341.4,Tstd:4006.5,Bpos:1615.3,Bstd:962.1,StrandBias:-0.2,Multiplicity:1.17
0.157	0.046	0.660	0.137
0.142	0.161	0.686	0.011
0.669	0.008	0.277	0.046
0.137	0.017	0.837	0.009
0.007	0.223	0.734	0.036
0.080	0.740	0.148	0.032
0.014	0.907	0.064	0.015
0.146	0.019	0.019	0.816
0.002	0.010	0.955	0.033
0.015	0.006	0.859	0.120
0.024	0.684	0.262	0.030
0.181	0.612	0.016	0.191
>CAGCTGGCTCTG	5-CAGCTGGCTCTG	9.564745	-53.229822	0	T:1253.0(20.06%),B:6773.6(15.32%),P:1e-23	Tpos:3164.0,Tstd:3710.2,Bpos:1631.6,Bstd:999.9,StrandBias:0.0,Multiplicity:1.31
0.045	0.860	0.073	0.022
0.832	0.040	0.046	0.082
0.036	0.039	0.856	0.069
0.034	0.880	0.047	0.039
0.088	0.046	0.033	0.833
0.070	0.029	0.830	0.071
0.038	0.075	0.829	0.058
0.064	0.800	0.061	0.075
0.075	0.079	0.058	0.788
0.019	0.824	0.082	0.075
0.039	0.067	0.044	0.850
0.050	0.071	0.818	0.061
>ACTTCCTGTTTC	6-ACTTCCTGTTTC	9.358072	-51.813400	0	T:1478.0(23.66%),B:8242.8(18.65%),P:1e-22	Tpos:2706.7,Tstd:3072.8,Bpos:1642.3,Bstd:988.3,StrandBias:0.1,Multiplicity:1.21
0.642	0.043	0.272	0.043
0.090	0.716	0.064	0.130
0.059	0.037	0.028	0.876
0.004	0.036	0.069	0.891
0.042	0.820	0.041	0.097
0.038	0.891	0.037	0.034
0.040	0.038	0.029	0.893
0.043	0.204	0.654	0.099
0.064	0.085	0.055	0.796
0.036	0.101	0.135	0.728
0.046	0.070	0.062	0.822
0.033	0.559	0.302	0.106
>BCTGSCAGGAAA	7-BCTGSCAGGAAA	8.920614	-50.997687	0	T:2108.0(33.75%),B:12413.1(28.08%),P:1e-22	Tpos:3000.1,Tstd:3430.6,Bpos:1613.8,Bstd:997.0,StrandBias:0.0,Multiplicity:1.45
0.127	0.225	0.356	0.291
0.012	0.653	0.031	0.304
0.192	0.001	0.001	0.806
0.001	0.001	0.953	0.045
0.113	0.369	0.422	0.096
0.149	0.755	0.088	0.008
0.802	0.001	0.001	0.196
0.180	0.001	0.818	0.001
0.187	0.116	0.696	0.001
0.609	0.102	0.288	0.001
0.776	0.094	0.129	0.001
0.563	0.129	0.300	0.008
>AGCCAAAGGCCA	8-AGCCAAAGGCCA	9.517432	-49.864281	0	T:818.0(13.10%),B:4129.1(9.34%),P:1e-21	Tpos:2984.3,Tstd:3566.9,Bpos:1592.6,Bstd:994.6,StrandBias:0.0,Multiplicity:1.13
0.831	0.039	0.061	0.069
0.054	0.069	0.842	0.035
0.066	0.794	0.083	0.057
0.056	0.852	0.051	0.041
0.871	0.055	0.027	0.047
0.803	0.076	0.098	0.023
0.860	0.040	0.049	0.051
0.067	0.066	0.806	0.061
0.047	0.046	0.861	0.046
0.023	0.852	0.056	0.069
0.090	0.826	0.039	0.045
0.806	0.077	0.067	0.050
>CTTGCCAAATGA	9-CTTGCCAAATGA	9.044183	-43.110557	0	T:1003.0(16.06%),B:5391.4(12.20%),P:1e-18	Tpos:2797.0,Tstd:3378.9,Bpos:1641.1,Bstd:972.5,StrandBias:-0.1,Multiplicity:1.14
0.084	0.737	0.065	0.114
0.093	0.109	0.051	0.747
0.067	0.039	0.079	0.815
0.072	0.079	0.713	0.136
0.089	0.721	0.102	0.088
0.099	0.773	0.038	0.090
0.822	0.073	0.032	0.073
0.761	0.088	0.082	0.069
0.754	0.093	0.105	0.048
0.116	0.047	0.086	0.751
0.106	0.111	0.687	0.096
0.720	0.124	0.067	0.089
>AAAGCACAGCTG	10-AAAGCACAGCTG	9.322085	-40.716223	0	T:1183.0(18.94%),B:6583.2(14.89%),P:1e-17	Tpos:2953.9,Tstd:3462.6,Bpos:1590.2,Bstd:998.1,StrandBias:0.0,Multiplicity:1.21
0.771	0.095	0.102	0.032
0.701	0.124	0.095	0.080
0.751	0.059	0.099	0.091
0.128	0.135	0.622	0.115
0.117	0.704	0.104	0.075
0.742	0.100	0.059	0.099
0.113	0.704	0.122	0.061
0.794	0.052	0.062	0.092
0.040	0.024	0.826	0.110
0.105	0.849	0.014	0.032
0.125	0.017	0.051	0.807
0.084	0.082	0.733	0.101
>CGAAACTGAAAC	11-CGAAACTGAAAC	9.138425	-38.964438	0	T:927.0(14.84%),B:4995.6(11.30%),P:1e-16	Tpos:2722.5,Tstd:3233.8,Bpos:1606.8,Bstd:960.2,StrandBias:0.1,Multiplicity:1.16
0.121	0.642	0.116	0.121
0.110	0.098	0.691	0.101
0.771	0.071	0.081	0.077
0.776	0.089	0.074	0.061
0.763	0.074	0.074	0.089
0.126	0.713	0.093	0.068
0.109	0.056	0.057	0.778
0.084	0.068	0.781	0.067
0.798	0.073	0.074	0.055
0.794	0.076	0.077	0.053
0.785	0.063	0.078	0.074
0.091	0.708	0.109	0.092
>GCAGACAGCCAG	12-GCAGACAGCCAG	7.593997	-37.024072	0	T:738.0(11.82%),B:3856.4(8.72%),P:1e-16	Tpos:3346.6,Tstd:4088.8,Bpos:1662.2,Bstd:1012.9,StrandBias:0.1,Multiplicity:1.20
0.001	0.001	0.997	0.001
0.001	0.997	0.001	0.001
0.997	0.001	0.001	0.001
0.001	0.001	0.997	0.001
0.876	0.001	0.122	0.001
0.001	0.997	0.001	0.001
0.997	0.001	0.001	0.001
0.001	0.001	0.997	0.001
0.001	0.997	0.001	0.001
0.001	0.997	0.001	0.001
0.997	0.001	0.001	0.001
0.001	0.001	0.997	0.001
>AACATGTGTTTC	13-AACATGTGTTTC	9.557334	-37.023886	0	T:703.0(11.26%),B:3641.2(8.24%),P:1e-16	Tpos:2625.2,Tstd:3087.2,Bpos:1624.7,Bstd:972.4,StrandBias:0.3,Multiplicity:1.09
0.867	0.072	0.030	0.031
0.807	0.056	0.102	0.035
0.082	0.832	0.026	0.060
0.828	0.047	0.052	0.073
0.064	0.052	0.049	0.835
0.046	0.080	0.812	0.062
0.047	0.037	0.035	0.881
0.042	0.055	0.832	0.071
0.078	0.075	0.039	0.808
0.070	0.056	0.036	0.838
0.027	0.054	0.040	0.879
0.055	0.783	0.054	0.108
>GCGGGCCGGGGC	14-GCGGGCCGGGGC	11.607017	-36.038957	0	T:200.0(3.20%),B:754.4(1.71%),P:1e-15	Tpos:3805.8,Tstd:3733.5,Bpos:1650.7,Bstd:675.0,StrandBias:-0.2,Multiplicity:1.36
0.028	0.123	0.820	0.029
0.081	0.733	0.120	0.066
0.070	0.061	0.795	0.074
0.048	0.039	0.895	0.018
0.020	0.081	0.864	0.035
0.029	0.797	0.165	0.009
0.081	0.780	0.069	0.070
0.047	0.061	0.842	0.050
0.043	0.033	0.890	0.034
0.041	0.024	0.905	0.030
0.025	0.080	0.826	0.069
0.031	0.857	0.069	0.043
>CTGTCAGAAGCT	15-CTGTCAGAAGCT	9.138305	-35.229675	0	T:856.0(13.70%),B:4624.2(10.46%),P:1e-15	Tpos:2726.1,Tstd:3103.2,Bpos:1611.5,Bstd:1000.9,StrandBias:0.1,Multiplicity:1.15
0.094	0.736	0.087	0.083
0.102	0.045	0.050	0.803
0.064	0.131	0.708	0.097
0.088	0.108	0.115	0.689
0.082	0.743	0.104	0.071
0.800	0.047	0.062	0.091
0.077	0.093	0.761	0.069
0.723	0.107	0.091	0.079
0.777	0.042	0.093	0.088
0.079	0.085	0.747	0.089
0.082	0.769	0.066	0.083
0.100	0.109	0.047	0.744
>AAACACAGGCCT	16-AAACACAGGCCT	9.433531	-33.767009	0	T:1016.0(16.27%),B:5669.1(12.82%),P:1e-14	Tpos:2858.6,Tstd:3313.5,Bpos:1597.9,Bstd:991.6,StrandBias:-0.0,Multiplicity:1.16
0.768	0.118	0.112	0.002
0.773	0.134	0.092	0.001
0.750	0.027	0.113	0.110
0.108	0.724	0.094	0.074
0.773	0.101	0.016	0.110
0.122	0.753	0.089	0.036
0.875	0.001	0.001	0.123
0.123	0.011	0.776	0.090
0.107	0.135	0.657	0.101
0.107	0.678	0.124	0.091
0.098	0.753	0.001	0.148
0.116	0.110	0.051	0.723
>GCTCAGAAAGCC	17-GCTCAGAAAGCC	8.973777	-33.533423	0	T:957.0(15.32%),B:5298.1(11.98%),P:1e-14	Tpos:2987.2,Tstd:3489.7,Bpos:1648.1,Bstd:1004.0,StrandBias:0.0,Multiplicity:1.20
0.081	0.104	0.728	0.087
0.082	0.734	0.083	0.101
0.099	0.095	0.063	0.743
0.075	0.750	0.088	0.087
0.780	0.056	0.065	0.099
0.066	0.085	0.779	0.070
0.752	0.088	0.083	0.077
0.744	0.095	0.094	0.067
0.771	0.071	0.078	0.080
0.086	0.088	0.752	0.074
0.078	0.740	0.101	0.081
0.105	0.724	0.084	0.087
>RAAAGCAGCTTT	18-RAAAGCAGCTTT	8.181036	-30.974128	0	T:1703.0(27.27%),B:10249.1(23.18%),P:1e-13	Tpos:2774.5,Tstd:3249.5,Bpos:1617.2,Bstd:977.7,StrandBias:-0.0,Multiplicity:1.27
0.397	0.202	0.281	0.120
0.663	0.126	0.209	0.002
0.693	0.067	0.209	0.031
0.623	0.001	0.269	0.107
0.273	0.151	0.427	0.150
0.124	0.795	0.076	0.005
0.612	0.007	0.010	0.371
0.054	0.002	0.935	0.009
0.260	0.439	0.109	0.191
0.099	0.268	0.003	0.630
0.004	0.222	0.159	0.615
0.055	0.240	0.139	0.566
>TCCCCTGGGGAG	19-TCCCCTGGGGAG	9.340612	-29.963433	0	T:1169.0(18.72%),B:6749.2(15.27%),P:1e-13	Tpos:3021.5,Tstd:3337.0,Bpos:1616.1,Bstd:1006.1,StrandBias:-0.0,Multiplicity:1.31
0.031	0.061	0.097	0.811
0.012	0.745	0.134	0.109
0.050	0.848	0.025	0.077
0.075	0.832	0.036	0.057
0.054	0.798	0.092	0.056
0.143	0.022	0.016	0.819
0.008	0.072	0.858	0.062
0.044	0.022	0.856	0.078
0.145	0.030	0.792	0.033
0.074	0.076	0.838	0.012
0.819	0.034	0.104	0.043
0.284	0.037	0.631	0.048
>GGCYCWGGGCCA	20-GGCYCWGGGCCA	9.035309	-23.924008	0	T:1692.0(27.09%),B:10405.4(23.54%),P:1e-10	Tpos:3231.4,Tstd:3820.2,Bpos:1628.3,Bstd:990.3,StrandBias:0.1,Multiplicity:1.60
0.019	0.001	0.836	0.144
0.024	0.097	0.775	0.104
0.065	0.857	0.068	0.010
0.162	0.336	0.025	0.477
0.057	0.810	0.071	0.062
0.433	0.061	0.055	0.451
0.059	0.030	0.871	0.040
0.156	0.011	0.688	0.145
0.001	0.104	0.838	0.057
0.108	0.871	0.020	0.001
0.016	0.939	0.035	0.010
0.684	0.103	0.009	0.204
>CCTCTGGGCTGT	21-CCTCTGGGCTGT	9.548374	-22.056480	0	T:1044.0(16.71%),B:6153.0(13.92%),P:1e-9	Tpos:3264.1,Tstd:4150.7,Bpos:1611.1,Bstd:1003.4,StrandBias:-0.0,Multiplicity:1.26
0.145	0.609	0.118	0.128
0.089	0.710	0.106	0.095
0.067	0.132	0.054	0.747
0.006	0.783	0.157	0.054
0.106	0.033	0.057	0.804
0.041	0.068	0.812	0.079
0.109	0.022	0.741	0.128
0.083	0.144	0.700	0.073
0.004	0.870	0.068	0.058
0.151	0.032	0.018	0.799
0.001	0.130	0.771	0.098
0.120	0.147	0.078	0.655
>ACACACAGACAC	22-ACACACAGACAC	10.409522	-3.325415	0	T:1208.0(19.34%),B:8154.0(18.45%),P:1e-1	Tpos:3145.4,Tstd:4127.6,Bpos:1628.2,Bstd:987.3,StrandBias:0.2,Multiplicity:2.00
0.700	0.100	0.100	0.100
0.100	0.700	0.100	0.100
0.700	0.100	0.100	0.100
0.100	0.700	0.100	0.100
0.700	0.100	0.100	0.100
0.100	0.700	0.100	0.100
0.700	0.100	0.100	0.100
0.100	0.100	0.700	0.100
0.700	0.100	0.100	0.100
0.100	0.700	0.100	0.100
0.700	0.100	0.100	0.100
0.100	0.700	0.100	0.100
>CACTAGAGAGCT	23-CACTAGAGAGCT	12.355432	-3.241530	0	T:5.0(0.08%),B:13.1(0.03%),P:1e-1	Tpos:1614.4,Tstd:882.7,Bpos:945.5,Bstd:952.7,StrandBias:4.0,Multiplicity:6.80
0.100	0.700	0.100	0.100
0.700	0.100	0.100	0.100
0.100	0.700	0.100	0.100
0.100	0.100	0.100	0.700
0.700	0.100	0.100	0.100
0.100	0.100	0.700	0.100
0.700	0.100	0.100	0.100
0.100	0.100	0.700	0.100
0.700	0.100	0.100	0.100
0.100	0.100	0.700	0.100
0.100	0.700	0.100	0.100
0.100	0.100	0.100	0.700
>CGCACCCCGCCT	24-CGCACCCCGCCT	12.355432	-1.774197	0	T:3.0(0.05%),B:10.7(0.02%),P:1e0	Tpos:1396.7,Tstd:371.7,Bpos:1580.3,Bstd:698.0,StrandBias:4.5,Multiplicity:7.67
0.100	0.700	0.100	0.100
0.100	0.100	0.700	0.100
0.100	0.700	0.100	0.100
0.700	0.100	0.100	0.100
0.100	0.700	0.100	0.100
0.100	0.700	0.100	0.100
0.100	0.700	0.100	0.100
0.100	0.700	0.100	0.100
0.100	0.100	0.700	0.100
0.100	0.700	0.100	0.100
0.100	0.700	0.100	0.100
0.100	0.100	0.100	0.700
>CTGAACCTTACA	25-CTGAACCTTACA	12.355432	-1.585389	0	T:3.0(0.05%),B:11.2(0.03%),P:1e0	Tpos:1506.7,Tstd:1262.1,Bpos:1531.2,Bstd:784.5,StrandBias:10.0,Multiplicity:8.67
0.100	0.700	0.100	0.100
0.100	0.100	0.100	0.700
0.100	0.100	0.700	0.100
0.700	0.100	0.100	0.100
0.700	0.100	0.100	0.100
0.100	0.700	0.100	0.100
0.100	0.700	0.100	0.100
0.100	0.100	0.100	0.700
0.100	0.100	0.100	0.700
0.700	0.100	0.100	0.100
0.100	0.700	0.100	0.100
0.700	0.100	0.100	0.100
