>MTGASTCABM	1-MTGASTCABM	9.288691	-241.520581	0	T:2019.0(32.32%),B:9072.4(20.52%),P:1e-104	Tpos:2714.7,Tstd:3156.5,Bpos:1604.0,Bstd:987.9,StrandBias:0.0,Multiplicity:1.36
0.446	0.308	0.188	0.059
0.001	0.001	0.001	0.997
0.001	0.001	0.974	0.024
0.997	0.001	0.001	0.001
0.099	0.469	0.328	0.103
0.001	0.001	0.001	0.997
0.017	0.981	0.001	0.001
0.997	0.001	0.001	0.001
0.001	0.334	0.278	0.387
0.334	0.389	0.070	0.207
>VCAGCTGTTT	2-VCAGCTGTTT	7.718830	-69.156459	0	T:2063.0(33.03%),B:11700.1(26.47%),P:1e-30	Tpos:2888.4,Tstd:3497.5,Bpos:1627.0,Bstd:991.9,StrandBias:0.1,Multiplicity:1.40
0.281	0.311	0.290	0.119
0.066	0.868	0.042	0.024
0.662	0.022	0.069	0.247
0.034	0.004	0.813	0.149
0.239	0.635	0.008	0.118
0.163	0.027	0.015	0.795
0.009	0.054	0.700	0.237
0.029	0.256	0.216	0.499
0.062	0.299	0.181	0.459
0.058	0.222	0.200	0.520
>NNYTTGGMAR	3-NNYTTGGMAR	6.078291	-55.526388	0	T:1080.0(17.29%),B:5646.0(12.77%),P:1e-24	Tpos:2846.9,Tstd:3560.1,Bpos:1610.7,Bstd:978.4,StrandBias:-0.1,Multiplicity:1.13
0.178	0.321	0.219	0.282
0.212	0.206	0.292	0.290
0.023	0.389	0.188	0.401
0.017	0.295	0.118	0.570
0.218	0.020	0.145	0.617
0.163	0.121	0.533	0.183
0.025	0.330	0.528	0.117
0.316	0.422	0.123	0.139
0.921	0.023	0.022	0.034
0.372	0.135	0.340	0.153
>TTCCTGCCAG	4-TTCCTGCCAG	9.663699	-50.924655	0	T:1153.0(18.46%),B:6185.0(13.99%),P:1e-22	Tpos:3032.2,Tstd:3411.0,Bpos:1615.0,Bstd:1003.3,StrandBias:-0.1,Multiplicity:1.22
0.039	0.072	0.100	0.789
0.001	0.109	0.219	0.671
0.001	0.713	0.143	0.143
0.001	0.888	0.001	0.110
0.114	0.001	0.001	0.884
0.001	0.011	0.987	0.001
0.015	0.466	0.292	0.228
0.001	0.982	0.005	0.012
0.865	0.001	0.018	0.116
0.176	0.025	0.798	0.001
>GTTTCAGTTT	5-GTTTCAGTTT	9.825234	-44.761798	0	T:931.0(14.91%),B:4910.0(11.11%),P:1e-19	Tpos:2544.4,Tstd:2952.7,Bpos:1609.4,Bstd:947.0,StrandBias:0.1,Multiplicity:1.15
0.036	0.047	0.875	0.042
0.001	0.036	0.001	0.962
0.017	0.029	0.023	0.931
0.016	0.001	0.021	0.962
0.001	0.979	0.001	0.019
0.893	0.062	0.044	0.001
0.001	0.149	0.741	0.109
0.041	0.001	0.001	0.957
0.012	0.040	0.048	0.900
0.055	0.069	0.025	0.851
>TCAGAAAGCC	6-TCAGAAAGCC	8.972631	-36.353285	0	T:1744.0(27.92%),B:10366.7(23.45%),P:1e-15	Tpos:2853.7,Tstd:3344.7,Bpos:1608.1,Bstd:992.2,StrandBias:-0.1,Multiplicity:1.31
0.035	0.058	0.089	0.818
0.048	0.786	0.038	0.128
0.683	0.001	0.001	0.315
0.001	0.138	0.860	0.001
0.941	0.001	0.057	0.001
0.688	0.068	0.243	0.001
0.997	0.001	0.001	0.001
0.122	0.066	0.811	0.001
0.001	0.852	0.146	0.001
0.154	0.731	0.001	0.114
>ACTTCCTGTT	7-ACTTCCTGTT	9.597414	-35.704794	0	T:686.0(10.98%),B:3560.5(8.05%),P:1e-15	Tpos:2692.6,Tstd:2896.6,Bpos:1614.2,Bstd:999.8,StrandBias:0.1,Multiplicity:1.10
0.787	0.073	0.106	0.034
0.076	0.738	0.074	0.112
0.091	0.030	0.049	0.830
0.017	0.051	0.108	0.824
0.049	0.864	0.040	0.047
0.029	0.881	0.040	0.050
0.047	0.060	0.027	0.866
0.022	0.095	0.802	0.081
0.098	0.089	0.086	0.727
0.070	0.118	0.129	0.683
>HGGCTCTGAC	8-HGGCTCTGAC	9.296127	-34.360893	0	T:805.0(12.89%),B:4322.0(9.78%),P:1e-14	Tpos:2923.6,Tstd:3321.7,Bpos:1629.1,Bstd:986.1,StrandBias:-0.1,Multiplicity:1.17
0.239	0.351	0.188	0.222
0.147	0.001	0.837	0.015
0.002	0.164	0.833	0.001
0.001	0.997	0.001	0.001
0.122	0.167	0.001	0.710
0.001	0.966	0.032	0.001
0.001	0.001	0.001	0.997
0.066	0.118	0.811	0.005
0.771	0.001	0.092	0.136
0.037	0.743	0.125	0.095
>CGCAGACAGC	9-CGCAGACAGC	9.377578	-32.396213	0	T:873.0(13.98%),B:4790.7(10.84%),P:1e-14	Tpos:3150.4,Tstd:3670.5,Bpos:1619.1,Bstd:972.5,StrandBias:0.0,Multiplicity:1.18
0.184	0.431	0.195	0.190
0.204	0.209	0.554	0.033
0.009	0.989	0.001	0.001
0.906	0.001	0.001	0.092
0.003	0.005	0.991	0.001
0.611	0.215	0.149	0.025
0.195	0.697	0.107	0.001
0.990	0.001	0.003	0.006
0.010	0.034	0.955	0.001
0.120	0.794	0.078	0.008
>GGGCCAGGCC	10-GGGCCAGGCC	9.752167	-27.682368	0	T:790.0(12.65%),B:4368.6(9.88%),P:1e-12	Tpos:3320.0,Tstd:3511.3,Bpos:1640.5,Bstd:977.1,StrandBias:0.0,Multiplicity:1.34
0.159	0.031	0.689	0.121
0.081	0.001	0.820	0.098
0.027	0.104	0.778	0.091
0.075	0.802	0.119	0.004
0.074	0.845	0.080	0.001
0.684	0.094	0.096	0.126
0.071	0.022	0.906	0.001
0.032	0.164	0.753	0.051
0.180	0.748	0.071	0.001
0.001	0.856	0.001	0.142
>GCTTCGGAGC	11-GCTTCGGAGC	8.114908	-26.809652	0	T:1380.0(22.09%),B:8224.6(18.60%),P:1e-11	Tpos:3082.7,Tstd:3702.6,Bpos:1620.6,Bstd:993.2,StrandBias:-0.1,Multiplicity:1.29
0.026	0.012	0.951	0.011
0.047	0.849	0.057	0.047
0.064	0.099	0.023	0.814
0.019	0.049	0.087	0.845
0.032	0.586	0.131	0.251
0.180	0.153	0.554	0.113
0.014	0.110	0.811	0.065
0.904	0.006	0.067	0.023
0.091	0.005	0.870	0.034
0.078	0.816	0.023	0.083
>GCCAGCTGGC	12-GCCAGCTGGC	8.576896	-24.684041	0	T:505.0(8.09%),B:2650.3(6.00%),P:1e-10	Tpos:3175.1,Tstd:3808.7,Bpos:1598.1,Bstd:990.4,StrandBias:0.1,Multiplicity:1.14
0.105	0.118	0.673	0.104
0.105	0.650	0.143	0.102
0.082	0.755	0.089	0.074
0.691	0.095	0.085	0.129
0.095	0.087	0.714	0.104
0.130	0.716	0.083	0.071
0.119	0.091	0.066	0.724
0.072	0.068	0.756	0.104
0.118	0.142	0.642	0.098
0.097	0.680	0.112	0.111
>GCTGGGCTGT	13-GCTGGGCTGT	9.360320	-23.055840	0	T:1200.0(19.21%),B:7148.8(16.17%),P:1e-10	Tpos:3121.1,Tstd:3690.8,Bpos:1601.4,Bstd:1000.8,StrandBias:0.1,Multiplicity:1.30
0.079	0.095	0.712	0.114
0.052	0.835	0.025	0.088
0.091	0.086	0.043	0.780
0.046	0.052	0.808	0.094
0.106	0.057	0.711	0.126
0.057	0.104	0.795	0.044
0.050	0.859	0.045	0.046
0.038	0.056	0.018	0.888
0.049	0.065	0.829	0.057
0.050	0.122	0.043	0.785
>CCSTGTGTGT	14-CCSTGTGTGT	10.221581	-23.041109	0	T:867.0(13.88%),B:4973.6(11.25%),P:1e-10	Tpos:3040.1,Tstd:3626.4,Bpos:1618.4,Bstd:1014.4,StrandBias:0.1,Multiplicity:1.27
0.004	0.554	0.242	0.200
0.001	0.764	0.001	0.234
0.029	0.433	0.335	0.203
0.001	0.001	0.001	0.997
0.001	0.010	0.988	0.001
0.001	0.001	0.001	0.997
0.001	0.083	0.915	0.001
0.001	0.001	0.001	0.997
0.001	0.001	0.997	0.001
0.130	0.207	0.213	0.451
>TTCCHGGAAA	15-TTCCHGGAAA	9.214422	-22.399393	0	T:1853.0(29.67%),B:11551.2(26.13%),P:1e-9	Tpos:2806.2,Tstd:3315.0,Bpos:1610.4,Bstd:979.1,StrandBias:-0.1,Multiplicity:1.34
0.001	0.049	0.001	0.949
0.001	0.031	0.001	0.967
0.001	0.873	0.001	0.125
0.018	0.980	0.001	0.001
0.286	0.283	0.022	0.409
0.241	0.001	0.662	0.096
0.270	0.001	0.704	0.025
0.814	0.124	0.061	0.001
0.997	0.001	0.001	0.001
0.605	0.313	0.081	0.001
>AAGCAGCTTT	16-AAGCAGCTTT	8.274842	-22.385007	0	T:2667.0(42.70%),B:17156.7(38.81%),P:1e-9	Tpos:2765.0,Tstd:3368.0,Bpos:1613.2,Bstd:993.5,StrandBias:-0.0,Multiplicity:1.52
0.730	0.041	0.228	0.001
0.687	0.001	0.273	0.039
0.131	0.055	0.655	0.159
0.001	0.997	0.001	0.001
0.580	0.001	0.037	0.382
0.001	0.001	0.997	0.001
0.178	0.774	0.001	0.047
0.069	0.192	0.001	0.738
0.001	0.081	0.001	0.917
0.001	0.145	0.207	0.647
>TCCVAGGAAA	17-TCCVAGGAAA	8.781520	-21.662782	0	T:1890.0(30.26%),B:11831.5(26.76%),P:1e-9	Tpos:2992.1,Tstd:3484.2,Bpos:1607.6,Bstd:990.6,StrandBias:0.0,Multiplicity:1.33
0.030	0.093	0.086	0.791
0.001	0.986	0.012	0.001
0.350	0.568	0.010	0.072
0.250	0.363	0.328	0.059
0.900	0.001	0.067	0.032
0.001	0.001	0.997	0.001
0.028	0.055	0.836	0.081
0.769	0.120	0.110	0.001
0.923	0.025	0.051	0.001
0.823	0.110	0.066	0.001
>GTTACGAAAC	18-GTTACGAAAC	7.803834	-17.779112	0	T:546.0(8.74%),B:3052.3(6.90%),P:1e-7	Tpos:2651.9,Tstd:3264.7,Bpos:1613.4,Bstd:960.4,StrandBias:-0.0,Multiplicity:1.06
0.129	0.007	0.758	0.106
0.091	0.105	0.053	0.751
0.060	0.092	0.158	0.690
0.894	0.041	0.044	0.021
0.114	0.756	0.034	0.096
0.074	0.035	0.791	0.100
0.749	0.035	0.094	0.122
0.847	0.060	0.037	0.056
0.806	0.077	0.071	0.046
0.070	0.785	0.083	0.062
>TAAACCGCAG	19-TAAACCGCAG	8.245255	-17.753186	0	T:1756.0(28.11%),B:11076.3(25.06%),P:1e-7	Tpos:2850.3,Tstd:3341.4,Bpos:1629.2,Bstd:985.0,StrandBias:-0.1,Multiplicity:1.31
0.107	0.118	0.084	0.691
0.770	0.053	0.114	0.063
0.976	0.010	0.013	0.001
0.843	0.059	0.082	0.016
0.027	0.862	0.041	0.070
0.207	0.634	0.048	0.111
0.133	0.184	0.556	0.127
0.050	0.869	0.066	0.015
0.974	0.007	0.005	0.014
0.120	0.057	0.813	0.010
>GAGTGTGTGT	20-GAGTGTGTGT	7.475911	-16.489631	0	T:734.0(11.75%),B:4295.0(9.72%),P:1e-7	Tpos:2885.7,Tstd:2949.6,Bpos:1619.4,Bstd:987.9,StrandBias:-0.0,Multiplicity:1.25
0.143	0.165	0.586	0.106
0.590	0.130	0.132	0.148
0.133	0.164	0.589	0.114
0.137	0.121	0.120	0.622
0.108	0.164	0.587	0.141
0.150	0.111	0.118	0.621
0.098	0.176	0.593	0.133
0.141	0.108	0.121	0.630
0.095	0.142	0.594	0.169
0.139	0.143	0.128	0.590
>CSCAGGGCYG	21-CSCAGGGCYG	9.802363	-14.646490	0	T:987.0(15.80%),B:6019.7(13.62%),P:1e-6	Tpos:3286.4,Tstd:3705.2,Bpos:1648.1,Bstd:991.5,StrandBias:0.1,Multiplicity:1.36
0.093	0.630	0.276	0.001
0.124	0.366	0.299	0.211
0.001	0.949	0.001	0.049
0.868	0.001	0.130	0.001
0.001	0.004	0.994	0.001
0.001	0.025	0.932	0.042
0.032	0.127	0.840	0.001
0.001	0.947	0.040	0.012
0.078	0.484	0.004	0.434
0.042	0.001	0.711	0.246
>GYTKWSDRAN	22-GYTKWSDRAN	5.764574	-14.279148	0	T:768.0(12.30%),B:4585.3(10.37%),P:1e-6	Tpos:2674.5,Tstd:3350.2,Bpos:1617.6,Bstd:977.9,StrandBias:0.1,Multiplicity:1.11
0.041	0.174	0.471	0.314
0.144	0.431	0.134	0.290
0.010	0.016	0.008	0.966
0.162	0.139	0.299	0.400
0.422	0.145	0.067	0.366
0.231	0.301	0.400	0.068
0.291	0.059	0.259	0.390
0.441	0.228	0.313	0.018
0.732	0.013	0.242	0.013
0.249	0.276	0.231	0.244
>CGGCCCGGGG	23-CGGCCCGGGG	9.033507	-11.474049	0	T:1155.0(18.49%),B:7275.3(16.46%),P:1e-4	Tpos:3557.9,Tstd:3853.7,Bpos:1646.3,Bstd:857.9,StrandBias:-0.0,Multiplicity:1.83
0.105	0.628	0.121	0.146
0.202	0.001	0.628	0.169
0.001	0.033	0.932	0.034
0.001	0.741	0.257	0.001
0.029	0.725	0.245	0.001
0.008	0.990	0.001	0.001
0.139	0.076	0.598	0.187
0.001	0.001	0.994	0.004
0.158	0.001	0.839	0.002
0.001	0.024	0.974	0.001
>AAGCACGTTT	24-AAGCACGTTT	8.992093	-11.157326	0	T:993.0(15.90%),B:6198.7(14.02%),P:1e-4	Tpos:2655.0,Tstd:3186.6,Bpos:1599.5,Bstd:960.9,StrandBias:-0.0,Multiplicity:1.16
0.865	0.074	0.014	0.047
0.905	0.001	0.079	0.015
0.110	0.012	0.793	0.085
0.055	0.786	0.066	0.093
0.860	0.061	0.006	0.073
0.163	0.526	0.114	0.197
0.251	0.001	0.590	0.158
0.095	0.059	0.060	0.786
0.021	0.007	0.035	0.937
0.012	0.021	0.015	0.952
>CGGCCCTCGG	25-CGGCCCTCGG	8.350283	-8.646177	0	T:539.0(8.63%),B:3276.2(7.41%),P:1e-3	Tpos:3592.3,Tstd:3713.5,Bpos:1638.3,Bstd:863.5,StrandBias:-0.1,Multiplicity:1.43
0.100	0.700	0.100	0.100
0.100	0.100	0.700	0.100
0.100	0.100	0.700	0.100
0.100	0.700	0.100	0.100
0.100	0.700	0.100	0.100
0.100	0.700	0.100	0.100
0.100	0.100	0.100	0.700
0.100	0.700	0.100	0.100
0.100	0.100	0.700	0.100
0.100	0.100	0.700	0.100
