>MTGASTCABM	1-MTGASTCABM	9.288691	-241.520581	0	T:2019.0(32.32%),B:9072.4(20.52%),P:1e-104	Tpos:2714.7,Tstd:3156.5,Bpos:1604.0,Bstd:987.9,StrandBias:0.0,Multiplicity:1.36
0.446	0.308	0.188	0.059
0.001	0.001	0.001	0.997
0.001	0.001	0.974	0.024
0.997	0.001	0.001	0.001
0.099	0.469	0.328	0.103
0.001	0.001	0.001	0.997
0.017	0.981	0.001	0.001
0.997	0.001	0.001	0.001
0.001	0.334	0.278	0.387
0.334	0.389	0.070	0.207
>VCAGCTGTTT	2-VCAGCTGTTT	7.718830	-69.156459	0	T:2063.0(33.03%),B:11700.1(26.47%),P:1e-30	Tpos:2888.4,Tstd:3497.5,Bpos:1627.0,Bstd:991.9,StrandBias:0.1,Multiplicity:1.40
0.281	0.311	0.290	0.119
0.066	0.868	0.042	0.024
0.662	0.022	0.069	0.247
0.034	0.004	0.813	0.149
0.239	0.635	0.008	0.118
0.163	0.027	0.015	0.795
0.009	0.054	0.700	0.237
0.029	0.256	0.216	0.499
0.062	0.299	0.181	0.459
0.058	0.222	0.200	0.520
>NNYTTGGMAR	3-NNYTTGGMAR	6.078291	-55.526388	0	T:1080.0(17.29%),B:5646.0(12.77%),P:1e-24	Tpos:2846.9,Tstd:3560.1,Bpos:1610.7,Bstd:978.4,StrandBias:-0.1,Multiplicity:1.13
0.178	0.321	0.219	0.282
0.212	0.206	0.292	0.290
0.023	0.389	0.188	0.401
0.017	0.295	0.118	0.570
0.218	0.020	0.145	0.617
0.163	0.121	0.533	0.183
0.025	0.330	0.528	0.117
0.316	0.422	0.123	0.139
0.921	0.023	0.022	0.034
0.372	0.135	0.340	0.153
>TTCCTGCCAG	4-TTCCTGCCAG	9.663699	-50.924655	0	T:1153.0(18.46%),B:6185.0(13.99%),P:1e-22	Tpos:3032.2,Tstd:3411.0,Bpos:1615.0,Bstd:1003.3,StrandBias:-0.1,Multiplicity:1.22
0.039	0.072	0.100	0.789
0.001	0.109	0.219	0.671
0.001	0.713	0.143	0.143
0.001	0.888	0.001	0.110
0.114	0.001	0.001	0.884
0.001	0.011	0.987	0.001
0.015	0.466	0.292	0.228
0.001	0.982	0.005	0.012
0.865	0.001	0.018	0.116
0.176	0.025	0.798	0.001
>GTTTCAGTTT	5-GTTTCAGTTT	9.825234	-44.761798	0	T:931.0(14.91%),B:4910.0(11.11%),P:1e-19	Tpos:2544.4,Tstd:2952.7,Bpos:1609.4,Bstd:947.0,StrandBias:0.1,Multiplicity:1.15
0.036	0.047	0.875	0.042
0.001	0.036	0.001	0.962
0.017	0.029	0.023	0.931
0.016	0.001	0.021	0.962
0.001	0.979	0.001	0.019
0.893	0.062	0.044	0.001
0.001	0.149	0.741	0.109
0.041	0.001	0.001	0.957
0.012	0.040	0.048	0.900
0.055	0.069	0.025	0.851
>TCAGAAAGCC	6-TCAGAAAGCC	8.972631	-36.353285	0	T:1744.0(27.92%),B:10366.7(23.45%),P:1e-15	Tpos:2853.7,Tstd:3344.7,Bpos:1608.1,Bstd:992.2,StrandBias:-0.1,Multiplicity:1.31
0.035	0.058	0.089	0.818
0.048	0.786	0.038	0.128
0.683	0.001	0.001	0.315
0.001	0.138	0.860	0.001
0.941	0.001	0.057	0.001
0.688	0.068	0.243	0.001
0.997	0.001	0.001	0.001
0.122	0.066	0.811	0.001
0.001	0.852	0.146	0.001
0.154	0.731	0.001	0.114
>ACTTCCTGTT	7-ACTTCCTGTT	9.597414	-35.704794	0	T:686.0(10.98%),B:3560.5(8.05%),P:1e-15	Tpos:2692.6,Tstd:2896.6,Bpos:1614.2,Bstd:999.8,StrandBias:0.1,Multiplicity:1.10
0.787	0.073	0.106	0.034
0.076	0.738	0.074	0.112
0.091	0.030	0.049	0.830
0.017	0.051	0.108	0.824
0.049	0.864	0.040	0.047
0.029	0.881	0.040	0.050
0.047	0.060	0.027	0.866
0.022	0.095	0.802	0.081
0.098	0.089	0.086	0.727
0.070	0.118	0.129	0.683
>HGGCTCTGAC	8-HGGCTCTGAC	9.296127	-34.360893	0	T:805.0(12.89%),B:4322.0(9.78%),P:1e-14	Tpos:2923.6,Tstd:3321.7,Bpos:1629.1,Bstd:986.1,StrandBias:-0.1,Multiplicity:1.17
0.239	0.351	0.188	0.222
0.147	0.001	0.837	0.015
0.002	0.164	0.833	0.001
0.001	0.997	0.001	0.001
0.122	0.167	0.001	0.710
0.001	0.966	0.032	0.001
0.001	0.001	0.001	0.997
0.066	0.118	0.811	0.005
0.771	0.001	0.092	0.136
0.037	0.743	0.125	0.095
>CGCAGACAGC	9-CGCAGACAGC	9.377578	-32.396213	0	T:873.0(13.98%),B:4790.7(10.84%),P:1e-14	Tpos:3150.4,Tstd:3670.5,Bpos:1619.1,Bstd:972.5,StrandBias:0.0,Multiplicity:1.18
0.184	0.431	0.195	0.190
0.204	0.209	0.554	0.033
0.009	0.989	0.001	0.001
0.906	0.001	0.001	0.092
0.003	0.005	0.991	0.001
0.611	0.215	0.149	0.025
0.195	0.697	0.107	0.001
0.990	0.001	0.003	0.006
0.010	0.034	0.955	0.001
0.120	0.794	0.078	0.008
>GGGCCAGGCC	10-GGGCCAGGCC	9.752167	-27.682368	0	T:790.0(12.65%),B:4368.6(9.88%),P:1e-12	Tpos:3320.0,Tstd:3511.3,Bpos:1640.5,Bstd:977.1,StrandBias:0.0,Multiplicity:1.34
0.159	0.031	0.689	0.121
0.081	0.001	0.820	0.098
0.027	0.104	0.778	0.091
0.075	0.802	0.119	0.004
0.074	0.845	0.080	0.001
0.684	0.094	0.096	0.126
0.071	0.022	0.906	0.001
0.032	0.164	0.753	0.051
0.180	0.748	0.071	0.001
0.001	0.856	0.001	0.142
>GCTTCGGAGC	11-GCTTCGGAGC	8.114908	-26.809652	0	T:1380.0(22.09%),B:8224.6(18.60%),P:1e-11	Tpos:3082.7,Tstd:3702.6,Bpos:1620.6,Bstd:993.2,StrandBias:-0.1,Multiplicity:1.29
0.026	0.012	0.951	0.011
0.047	0.849	0.057	0.047
0.064	0.099	0.023	0.814
0.019	0.049	0.087	0.845
0.032	0.586	0.131	0.251
0.180	0.153	0.554	0.113
0.014	0.110	0.811	0.065
0.904	0.006	0.067	0.023
0.091	0.005	0.870	0.034
0.078	0.816	0.023	0.083
>GCCAGCTGGC	12-GCCAGCTGGC	8.576896	-24.684041	0	T:505.0(8.09%),B:2650.3(6.00%),P:1e-10	Tpos:3175.1,Tstd:3808.7,Bpos:1598.1,Bstd:990.4,StrandBias:0.1,Multiplicity:1.14
0.105	0.118	0.673	0.104
0.105	0.650	0.143	0.102
0.082	0.755	0.089	0.074
0.691	0.095	0.085	0.129
0.095	0.087	0.714	0.104
0.130	0.716	0.083	0.071
0.119	0.091	0.066	0.724
0.072	0.068	0.756	0.104
0.118	0.142	0.642	0.098
0.097	0.680	0.112	0.111
>GCTGGGCTGT	13-GCTGGGCTGT	9.360320	-23.055840	0	T:1200.0(19.21%),B:7148.8(16.17%),P:1e-10	Tpos:3121.1,Tstd:3690.8,Bpos:1601.4,Bstd:1000.8,StrandBias:0.1,Multiplicity:1.30
0.079	0.095	0.712	0.114
0.052	0.835	0.025	0.088
0.091	0.086	0.043	0.780
0.046	0.052	0.808	0.094
0.106	0.057	0.711	0.126
0.057	0.104	0.795	0.044
0.050	0.859	0.045	0.046
0.038	0.056	0.018	0.888
0.049	0.065	0.829	0.057
0.050	0.122	0.043	0.785
>CCSTGTGTGT	14-CCSTGTGTGT	10.221581	-23.041109	0	T:867.0(13.88%),B:4973.6(11.25%),P:1e-10	Tpos:3040.1,Tstd:3626.4,Bpos:1618.4,Bstd:1014.4,StrandBias:0.1,Multiplicity:1.27
0.004	0.554	0.242	0.200
0.001	0.764	0.001	0.234
0.029	0.433	0.335	0.203
0.001	0.001	0.001	0.997
0.001	0.010	0.988	0.001
0.001	0.001	0.001	0.997
0.001	0.083	0.915	0.001
0.001	0.001	0.001	0.997
0.001	0.001	0.997	0.001
0.130	0.207	0.213	0.451
>TTCCHGGAAA	15-TTCCHGGAAA	9.214422	-22.399393	0	T:1853.0(29.67%),B:11551.2(26.13%),P:1e-9	Tpos:2806.2,Tstd:3315.0,Bpos:1610.4,Bstd:979.1,StrandBias:-0.1,Multiplicity:1.34
0.001	0.049	0.001	0.949
0.001	0.031	0.001	0.967
0.001	0.873	0.001	0.125
0.018	0.980	0.001	0.001
0.286	0.283	0.022	0.409
0.241	0.001	0.662	0.096
0.270	0.001	0.704	0.025
0.814	0.124	0.061	0.001
0.997	0.001	0.001	0.001
0.605	0.313	0.081	0.001
>AAGCAGCTTT	16-AAGCAGCTTT	8.274842	-22.385007	0	T:2667.0(42.70%),B:17156.7(38.81%),P:1e-9	Tpos:2765.0,Tstd:3368.0,Bpos:1613.2,Bstd:993.5,StrandBias:-0.0,Multiplicity:1.52
0.730	0.041	0.228	0.001
0.687	0.001	0.273	0.039
0.131	0.055	0.655	0.159
0.001	0.997	0.001	0.001
0.580	0.001	0.037	0.382
0.001	0.001	0.997	0.001
0.178	0.774	0.001	0.047
0.069	0.192	0.001	0.738
0.001	0.081	0.001	0.917
0.001	0.145	0.207	0.647
>TCCVAGGAAA	17-TCCVAGGAAA	8.781520	-21.662782	0	T:1890.0(30.26%),B:11831.5(26.76%),P:1e-9	Tpos:2992.1,Tstd:3484.2,Bpos:1607.6,Bstd:990.6,StrandBias:0.0,Multiplicity:1.33
0.030	0.093	0.086	0.791
0.001	0.986	0.012	0.001
0.350	0.568	0.010	0.072
0.250	0.363	0.328	0.059
0.900	0.001	0.067	0.032
0.001	0.001	0.997	0.001
0.028	0.055	0.836	0.081
0.769	0.120	0.110	0.001
0.923	0.025	0.051	0.001
0.823	0.110	0.066	0.001
>GTTACGAAAC	18-GTTACGAAAC	7.803834	-17.779112	0	T:546.0(8.74%),B:3052.3(6.90%),P:1e-7	Tpos:2651.9,Tstd:3264.7,Bpos:1613.4,Bstd:960.4,StrandBias:-0.0,Multiplicity:1.06
0.129	0.007	0.758	0.106
0.091	0.105	0.053	0.751
0.060	0.092	0.158	0.690
0.894	0.041	0.044	0.021
0.114	0.756	0.034	0.096
0.074	0.035	0.791	0.100
0.749	0.035	0.094	0.122
0.847	0.060	0.037	0.056
0.806	0.077	0.071	0.046
0.070	0.785	0.083	0.062
>TAAACCGCAG	19-TAAACCGCAG	8.245255	-17.753186	0	T:1756.0(28.11%),B:11076.3(25.06%),P:1e-7	Tpos:2850.3,Tstd:3341.4,Bpos:1629.2,Bstd:985.0,StrandBias:-0.1,Multiplicity:1.31
0.107	0.118	0.084	0.691
0.770	0.053	0.114	0.063
0.976	0.010	0.013	0.001
0.843	0.059	0.082	0.016
0.027	0.862	0.041	0.070
0.207	0.634	0.048	0.111
0.133	0.184	0.556	0.127
0.050	0.869	0.066	0.015
0.974	0.007	0.005	0.014
0.120	0.057	0.813	0.010
>GAGTGTGTGT	20-GAGTGTGTGT	7.475911	-16.489631	0	T:734.0(11.75%),B:4295.0(9.72%),P:1e-7	Tpos:2885.7,Tstd:2949.6,Bpos:1619.4,Bstd:987.9,StrandBias:-0.0,Multiplicity:1.25
0.143	0.165	0.586	0.106
0.590	0.130	0.132	0.148
0.133	0.164	0.589	0.114
0.137	0.121	0.120	0.622
0.108	0.164	0.587	0.141
0.150	0.111	0.118	0.621
0.098	0.176	0.593	0.133
0.141	0.108	0.121	0.630
0.095	0.142	0.594	0.169
0.139	0.143	0.128	0.590
>CSCAGGGCYG	21-CSCAGGGCYG	9.802363	-14.646490	0	T:987.0(15.80%),B:6019.7(13.62%),P:1e-6	Tpos:3286.4,Tstd:3705.2,Bpos:1648.1,Bstd:991.5,StrandBias:0.1,Multiplicity:1.36
0.093	0.630	0.276	0.001
0.124	0.366	0.299	0.211
0.001	0.949	0.001	0.049
0.868	0.001	0.130	0.001
0.001	0.004	0.994	0.001
0.001	0.025	0.932	0.042
0.032	0.127	0.840	0.001
0.001	0.947	0.040	0.012
0.078	0.484	0.004	0.434
0.042	0.001	0.711	0.246
>GYTKWSDRAN	22-GYTKWSDRAN	5.764574	-14.279148	0	T:768.0(12.30%),B:4585.3(10.37%),P:1e-6	Tpos:2674.5,Tstd:3350.2,Bpos:1617.6,Bstd:977.9,StrandBias:0.1,Multiplicity:1.11
0.041	0.174	0.471	0.314
0.144	0.431	0.134	0.290
0.010	0.016	0.008	0.966
0.162	0.139	0.299	0.400
0.422	0.145	0.067	0.366
0.231	0.301	0.400	0.068
0.291	0.059	0.259	0.390
0.441	0.228	0.313	0.018
0.732	0.013	0.242	0.013
0.249	0.276	0.231	0.244
>CGGCCCGGGG	23-CGGCCCGGGG	9.033507	-11.474049	0	T:1155.0(18.49%),B:7275.3(16.46%),P:1e-4	Tpos:3557.9,Tstd:3853.7,Bpos:1646.3,Bstd:857.9,StrandBias:-0.0,Multiplicity:1.83
0.105	0.628	0.121	0.146
0.202	0.001	0.628	0.169
0.001	0.033	0.932	0.034
0.001	0.741	0.257	0.001
0.029	0.725	0.245	0.001
0.008	0.990	0.001	0.001
0.139	0.076	0.598	0.187
0.001	0.001	0.994	0.004
0.158	0.001	0.839	0.002
0.001	0.024	0.974	0.001
>AAGCACGTTT	24-AAGCACGTTT	8.992093	-11.157326	0	T:993.0(15.90%),B:6198.7(14.02%),P:1e-4	Tpos:2655.0,Tstd:3186.6,Bpos:1599.5,Bstd:960.9,StrandBias:-0.0,Multiplicity:1.16
0.865	0.074	0.014	0.047
0.905	0.001	0.079	0.015
0.110	0.012	0.793	0.085
0.055	0.786	0.066	0.093
0.860	0.061	0.006	0.073
0.163	0.526	0.114	0.197
0.251	0.001	0.590	0.158
0.095	0.059	0.060	0.786
0.021	0.007	0.035	0.937
0.012	0.021	0.015	0.952
>CGGCCCTCGG	25-CGGCCCTCGG	8.350283	-8.646177	0	T:539.0(8.63%),B:3276.2(7.41%),P:1e-3	Tpos:3592.3,Tstd:3713.5,Bpos:1638.3,Bstd:863.5,StrandBias:-0.1,Multiplicity:1.43
0.100	0.700	0.100	0.100
0.100	0.100	0.700	0.100
0.100	0.100	0.700	0.100
0.100	0.700	0.100	0.100
0.100	0.700	0.100	0.100
0.100	0.700	0.100	0.100
0.100	0.100	0.100	0.700
0.100	0.700	0.100	0.100
0.100	0.100	0.700	0.100
0.100	0.100	0.700	0.100
>MTGASTCABHNH	1-MTGASTCABHNH	9.426297	-226.858530	0	T:2124.0(34.01%),B:9858.5(22.30%),P:1e-98	Tpos:2682.2,Tstd:3120.7,Bpos:1609.5,Bstd:987.3,StrandBias:-0.0,Multiplicity:1.39
0.464	0.366	0.169	0.001
0.001	0.001	0.001	0.997
0.001	0.001	0.997	0.001
0.997	0.001	0.001	0.001
0.010	0.503	0.486	0.001
0.001	0.001	0.001	0.997
0.001	0.997	0.001	0.001
0.997	0.001	0.001	0.001
0.001	0.253	0.390	0.356
0.378	0.321	0.017	0.285
0.212	0.292	0.283	0.214
0.263	0.307	0.153	0.277
>AGAGCHGGGCTG	2-AGAGCHGGGCTG	10.427768	-70.306398	0	T:868.0(13.90%),B:4135.5(9.35%),P:1e-30	Tpos:3160.9,Tstd:3745.2,Bpos:1618.5,Bstd:992.3,StrandBias:0.2,Multiplicity:1.20
0.946	0.001	0.027	0.026
0.063	0.177	0.759	0.001
0.814	0.060	0.089	0.037
0.001	0.012	0.944	0.043
0.034	0.822	0.143	0.001
0.318	0.375	0.035	0.272
0.357	0.021	0.620	0.002
0.048	0.001	0.922	0.029
0.013	0.001	0.969	0.017
0.001	0.961	0.001	0.037
0.001	0.001	0.001	0.997
0.001	0.034	0.875	0.090
>AGSARACAGCTG	3-AGSARACAGCTG	8.326492	-54.308168	0	T:1494.0(23.92%),B:8293.4(18.76%),P:1e-23	Tpos:2936.9,Tstd:3550.0,Bpos:1630.8,Bstd:997.2,StrandBias:-0.1,Multiplicity:1.26
0.477	0.003	0.204	0.315
0.202	0.094	0.460	0.244
0.211	0.393	0.251	0.146
0.626	0.221	0.001	0.152
0.451	0.215	0.332	0.002
0.460	0.198	0.253	0.090
0.176	0.663	0.158	0.003
0.857	0.002	0.001	0.140
0.015	0.002	0.783	0.200
0.168	0.751	0.007	0.074
0.314	0.002	0.001	0.683
0.009	0.233	0.601	0.157
>GGAGGCCTGGCC	4-GGAGGCCTGGCC	10.927284	-53.613674	0	T:503.0(8.05%),B:2228.5(5.04%),P:1e-23	Tpos:3341.4,Tstd:4006.5,Bpos:1615.3,Bstd:962.1,StrandBias:-0.2,Multiplicity:1.17
0.157	0.046	0.660	0.137
0.142	0.161	0.686	0.011
0.669	0.008	0.277	0.046
0.137	0.017	0.837	0.009
0.007	0.223	0.734	0.036
0.080	0.740	0.148	0.032
0.014	0.907	0.064	0.015
0.146	0.019	0.019	0.816
0.002	0.010	0.955	0.033
0.015	0.006	0.859	0.120
0.024	0.684	0.262	0.030
0.181	0.612	0.016	0.191
>CAGCTGGCTCTG	5-CAGCTGGCTCTG	9.564745	-53.229822	0	T:1253.0(20.06%),B:6773.6(15.32%),P:1e-23	Tpos:3164.0,Tstd:3710.2,Bpos:1631.6,Bstd:999.9,StrandBias:0.0,Multiplicity:1.31
0.045	0.860	0.073	0.022
0.832	0.040	0.046	0.082
0.036	0.039	0.856	0.069
0.034	0.880	0.047	0.039
0.088	0.046	0.033	0.833
0.070	0.029	0.830	0.071
0.038	0.075	0.829	0.058
0.064	0.800	0.061	0.075
0.075	0.079	0.058	0.788
0.019	0.824	0.082	0.075
0.039	0.067	0.044	0.850
0.050	0.071	0.818	0.061
>ACTTCCTGTTTC	6-ACTTCCTGTTTC	9.358072	-51.813400	0	T:1478.0(23.66%),B:8242.8(18.65%),P:1e-22	Tpos:2706.7,Tstd:3072.8,Bpos:1642.3,Bstd:988.3,StrandBias:0.1,Multiplicity:1.21
0.642	0.043	0.272	0.043
0.090	0.716	0.064	0.130
0.059	0.037	0.028	0.876
0.004	0.036	0.069	0.891
0.042	0.820	0.041	0.097
0.038	0.891	0.037	0.034
0.040	0.038	0.029	0.893
0.043	0.204	0.654	0.099
0.064	0.085	0.055	0.796
0.036	0.101	0.135	0.728
0.046	0.070	0.062	0.822
0.033	0.559	0.302	0.106
>BCTGSCAGGAAA	7-BCTGSCAGGAAA	8.920614	-50.997687	0	T:2108.0(33.75%),B:12413.1(28.08%),P:1e-22	Tpos:3000.1,Tstd:3430.6,Bpos:1613.8,Bstd:997.0,StrandBias:0.0,Multiplicity:1.45
0.127	0.225	0.356	0.291
0.012	0.653	0.031	0.304
0.192	0.001	0.001	0.806
0.001	0.001	0.953	0.045
0.113	0.369	0.422	0.096
0.149	0.755	0.088	0.008
0.802	0.001	0.001	0.196
0.180	0.001	0.818	0.001
0.187	0.116	0.696	0.001
0.609	0.102	0.288	0.001
0.776	0.094	0.129	0.001
0.563	0.129	0.300	0.008
>AGCCAAAGGCCA	8-AGCCAAAGGCCA	9.517432	-49.864281	0	T:818.0(13.10%),B:4129.1(9.34%),P:1e-21	Tpos:2984.3,Tstd:3566.9,Bpos:1592.6,Bstd:994.6,StrandBias:0.0,Multiplicity:1.13
0.831	0.039	0.061	0.069
0.054	0.069	0.842	0.035
0.066	0.794	0.083	0.057
0.056	0.852	0.051	0.041
0.871	0.055	0.027	0.047
0.803	0.076	0.098	0.023
0.860	0.040	0.049	0.051
0.067	0.066	0.806	0.061
0.047	0.046	0.861	0.046
0.023	0.852	0.056	0.069
0.090	0.826	0.039	0.045
0.806	0.077	0.067	0.050
>CTTGCCAAATGA	9-CTTGCCAAATGA	9.044183	-43.110557	0	T:1003.0(16.06%),B:5391.4(12.20%),P:1e-18	Tpos:2797.0,Tstd:3378.9,Bpos:1641.1,Bstd:972.5,StrandBias:-0.1,Multiplicity:1.14
0.084	0.737	0.065	0.114
0.093	0.109	0.051	0.747
0.067	0.039	0.079	0.815
0.072	0.079	0.713	0.136
0.089	0.721	0.102	0.088
0.099	0.773	0.038	0.090
0.822	0.073	0.032	0.073
0.761	0.088	0.082	0.069
0.754	0.093	0.105	0.048
0.116	0.047	0.086	0.751
0.106	0.111	0.687	0.096
0.720	0.124	0.067	0.089
>AAAGCACAGCTG	10-AAAGCACAGCTG	9.322085	-40.716223	0	T:1183.0(18.94%),B:6583.2(14.89%),P:1e-17	Tpos:2953.9,Tstd:3462.6,Bpos:1590.2,Bstd:998.1,StrandBias:0.0,Multiplicity:1.21
0.771	0.095	0.102	0.032
0.701	0.124	0.095	0.080
0.751	0.059	0.099	0.091
0.128	0.135	0.622	0.115
0.117	0.704	0.104	0.075
0.742	0.100	0.059	0.099
0.113	0.704	0.122	0.061
0.794	0.052	0.062	0.092
0.040	0.024	0.826	0.110
0.105	0.849	0.014	0.032
0.125	0.017	0.051	0.807
0.084	0.082	0.733	0.101
>CGAAACTGAAAC	11-CGAAACTGAAAC	9.138425	-38.964438	0	T:927.0(14.84%),B:4995.6(11.30%),P:1e-16	Tpos:2722.5,Tstd:3233.8,Bpos:1606.8,Bstd:960.2,StrandBias:0.1,Multiplicity:1.16
0.121	0.642	0.116	0.121
0.110	0.098	0.691	0.101
0.771	0.071	0.081	0.077
0.776	0.089	0.074	0.061
0.763	0.074	0.074	0.089
0.126	0.713	0.093	0.068
0.109	0.056	0.057	0.778
0.084	0.068	0.781	0.067
0.798	0.073	0.074	0.055
0.794	0.076	0.077	0.053
0.785	0.063	0.078	0.074
0.091	0.708	0.109	0.092
>GCAGACAGCCAG	12-GCAGACAGCCAG	7.593997	-37.024072	0	T:738.0(11.82%),B:3856.4(8.72%),P:1e-16	Tpos:3346.6,Tstd:4088.8,Bpos:1662.2,Bstd:1012.9,StrandBias:0.1,Multiplicity:1.20
0.001	0.001	0.997	0.001
0.001	0.997	0.001	0.001
0.997	0.001	0.001	0.001
0.001	0.001	0.997	0.001
0.876	0.001	0.122	0.001
0.001	0.997	0.001	0.001
0.997	0.001	0.001	0.001
0.001	0.001	0.997	0.001
0.001	0.997	0.001	0.001
0.001	0.997	0.001	0.001
0.997	0.001	0.001	0.001
0.001	0.001	0.997	0.001
>AACATGTGTTTC	13-AACATGTGTTTC	9.557334	-37.023886	0	T:703.0(11.26%),B:3641.2(8.24%),P:1e-16	Tpos:2625.2,Tstd:3087.2,Bpos:1624.7,Bstd:972.4,StrandBias:0.3,Multiplicity:1.09
0.867	0.072	0.030	0.031
0.807	0.056	0.102	0.035
0.082	0.832	0.026	0.060
0.828	0.047	0.052	0.073
0.064	0.052	0.049	0.835
0.046	0.080	0.812	0.062
0.047	0.037	0.035	0.881
0.042	0.055	0.832	0.071
0.078	0.075	0.039	0.808
0.070	0.056	0.036	0.838
0.027	0.054	0.040	0.879
0.055	0.783	0.054	0.108
>GCGGGCCGGGGC	14-GCGGGCCGGGGC	11.607017	-36.038957	0	T:200.0(3.20%),B:754.4(1.71%),P:1e-15	Tpos:3805.8,Tstd:3733.5,Bpos:1650.7,Bstd:675.0,StrandBias:-0.2,Multiplicity:1.36
0.028	0.123	0.820	0.029
0.081	0.733	0.120	0.066
0.070	0.061	0.795	0.074
0.048	0.039	0.895	0.018
0.020	0.081	0.864	0.035
0.029	0.797	0.165	0.009
0.081	0.780	0.069	0.070
0.047	0.061	0.842	0.050
0.043	0.033	0.890	0.034
0.041	0.024	0.905	0.030
0.025	0.080	0.826	0.069
0.031	0.857	0.069	0.043
>CTGTCAGAAGCT	15-CTGTCAGAAGCT	9.138305	-35.229675	0	T:856.0(13.70%),B:4624.2(10.46%),P:1e-15	Tpos:2726.1,Tstd:3103.2,Bpos:1611.5,Bstd:1000.9,StrandBias:0.1,Multiplicity:1.15
0.094	0.736	0.087	0.083
0.102	0.045	0.050	0.803
0.064	0.131	0.708	0.097
0.088	0.108	0.115	0.689
0.082	0.743	0.104	0.071
0.800	0.047	0.062	0.091
0.077	0.093	0.761	0.069
0.723	0.107	0.091	0.079
0.777	0.042	0.093	0.088
0.079	0.085	0.747	0.089
0.082	0.769	0.066	0.083
0.100	0.109	0.047	0.744
>AAACACAGGCCT	16-AAACACAGGCCT	9.433531	-33.767009	0	T:1016.0(16.27%),B:5669.1(12.82%),P:1e-14	Tpos:2858.6,Tstd:3313.5,Bpos:1597.9,Bstd:991.6,StrandBias:-0.0,Multiplicity:1.16
0.768	0.118	0.112	0.002
0.773	0.134	0.092	0.001
0.750	0.027	0.113	0.110
0.108	0.724	0.094	0.074
0.773	0.101	0.016	0.110
0.122	0.753	0.089	0.036
0.875	0.001	0.001	0.123
0.123	0.011	0.776	0.090
0.107	0.135	0.657	0.101
0.107	0.678	0.124	0.091
0.098	0.753	0.001	0.148
0.116	0.110	0.051	0.723
>GCTCAGAAAGCC	17-GCTCAGAAAGCC	8.973777	-33.533423	0	T:957.0(15.32%),B:5298.1(11.98%),P:1e-14	Tpos:2987.2,Tstd:3489.7,Bpos:1648.1,Bstd:1004.0,StrandBias:0.0,Multiplicity:1.20
0.081	0.104	0.728	0.087
0.082	0.734	0.083	0.101
0.099	0.095	0.063	0.743
0.075	0.750	0.088	0.087
0.780	0.056	0.065	0.099
0.066	0.085	0.779	0.070
0.752	0.088	0.083	0.077
0.744	0.095	0.094	0.067
0.771	0.071	0.078	0.080
0.086	0.088	0.752	0.074
0.078	0.740	0.101	0.081
0.105	0.724	0.084	0.087
>RAAAGCAGCTTT	18-RAAAGCAGCTTT	8.181036	-30.974128	0	T:1703.0(27.27%),B:10249.1(23.18%),P:1e-13	Tpos:2774.5,Tstd:3249.5,Bpos:1617.2,Bstd:977.7,StrandBias:-0.0,Multiplicity:1.27
0.397	0.202	0.281	0.120
0.663	0.126	0.209	0.002
0.693	0.067	0.209	0.031
0.623	0.001	0.269	0.107
0.273	0.151	0.427	0.150
0.124	0.795	0.076	0.005
0.612	0.007	0.010	0.371
0.054	0.002	0.935	0.009
0.260	0.439	0.109	0.191
0.099	0.268	0.003	0.630
0.004	0.222	0.159	0.615
0.055	0.240	0.139	0.566
>TCCCCTGGGGAG	19-TCCCCTGGGGAG	9.340612	-29.963433	0	T:1169.0(18.72%),B:6749.2(15.27%),P:1e-13	Tpos:3021.5,Tstd:3337.0,Bpos:1616.1,Bstd:1006.1,StrandBias:-0.0,Multiplicity:1.31
0.031	0.061	0.097	0.811
0.012	0.745	0.134	0.109
0.050	0.848	0.025	0.077
0.075	0.832	0.036	0.057
0.054	0.798	0.092	0.056
0.143	0.022	0.016	0.819
0.008	0.072	0.858	0.062
0.044	0.022	0.856	0.078
0.145	0.030	0.792	0.033
0.074	0.076	0.838	0.012
0.819	0.034	0.104	0.043
0.284	0.037	0.631	0.048
>GGCYCWGGGCCA	20-GGCYCWGGGCCA	9.035309	-23.924008	0	T:1692.0(27.09%),B:10405.4(23.54%),P:1e-10	Tpos:3231.4,Tstd:3820.2,Bpos:1628.3,Bstd:990.3,StrandBias:0.1,Multiplicity:1.60
0.019	0.001	0.836	0.144
0.024	0.097	0.775	0.104
0.065	0.857	0.068	0.010
0.162	0.336	0.025	0.477
0.057	0.810	0.071	0.062
0.433	0.061	0.055	0.451
0.059	0.030	0.871	0.040
0.156	0.011	0.688	0.145
0.001	0.104	0.838	0.057
0.108	0.871	0.020	0.001
0.016	0.939	0.035	0.010
0.684	0.103	0.009	0.204
>CCTCTGGGCTGT	21-CCTCTGGGCTGT	9.548374	-22.056480	0	T:1044.0(16.71%),B:6153.0(13.92%),P:1e-9	Tpos:3264.1,Tstd:4150.7,Bpos:1611.1,Bstd:1003.4,StrandBias:-0.0,Multiplicity:1.26
0.145	0.609	0.118	0.128
0.089	0.710	0.106	0.095
0.067	0.132	0.054	0.747
0.006	0.783	0.157	0.054
0.106	0.033	0.057	0.804
0.041	0.068	0.812	0.079
0.109	0.022	0.741	0.128
0.083	0.144	0.700	0.073
0.004	0.870	0.068	0.058
0.151	0.032	0.018	0.799
0.001	0.130	0.771	0.098
0.120	0.147	0.078	0.655
>ACACACAGACAC	22-ACACACAGACAC	10.409522	-3.325415	0	T:1208.0(19.34%),B:8154.0(18.45%),P:1e-1	Tpos:3145.4,Tstd:4127.6,Bpos:1628.2,Bstd:987.3,StrandBias:0.2,Multiplicity:2.00
0.700	0.100	0.100	0.100
0.100	0.700	0.100	0.100
0.700	0.100	0.100	0.100
0.100	0.700	0.100	0.100
0.700	0.100	0.100	0.100
0.100	0.700	0.100	0.100
0.700	0.100	0.100	0.100
0.100	0.100	0.700	0.100
0.700	0.100	0.100	0.100
0.100	0.700	0.100	0.100
0.700	0.100	0.100	0.100
0.100	0.700	0.100	0.100
>CACTAGAGAGCT	23-CACTAGAGAGCT	12.355432	-3.241530	0	T:5.0(0.08%),B:13.1(0.03%),P:1e-1	Tpos:1614.4,Tstd:882.7,Bpos:945.5,Bstd:952.7,StrandBias:4.0,Multiplicity:6.80
0.100	0.700	0.100	0.100
0.700	0.100	0.100	0.100
0.100	0.700	0.100	0.100
0.100	0.100	0.100	0.700
0.700	0.100	0.100	0.100
0.100	0.100	0.700	0.100
0.700	0.100	0.100	0.100
0.100	0.100	0.700	0.100
0.700	0.100	0.100	0.100
0.100	0.100	0.700	0.100
0.100	0.700	0.100	0.100
0.100	0.100	0.100	0.700
>CGCACCCCGCCT	24-CGCACCCCGCCT	12.355432	-1.774197	0	T:3.0(0.05%),B:10.7(0.02%),P:1e0	Tpos:1396.7,Tstd:371.7,Bpos:1580.3,Bstd:698.0,StrandBias:4.5,Multiplicity:7.67
0.100	0.700	0.100	0.100
0.100	0.100	0.700	0.100
0.100	0.700	0.100	0.100
0.700	0.100	0.100	0.100
0.100	0.700	0.100	0.100
0.100	0.700	0.100	0.100
0.100	0.700	0.100	0.100
0.100	0.700	0.100	0.100
0.100	0.100	0.700	0.100
0.100	0.700	0.100	0.100
0.100	0.700	0.100	0.100
0.100	0.100	0.100	0.700
>CTGAACCTTACA	25-CTGAACCTTACA	12.355432	-1.585389	0	T:3.0(0.05%),B:11.2(0.03%),P:1e0	Tpos:1506.7,Tstd:1262.1,Bpos:1531.2,Bstd:784.5,StrandBias:10.0,Multiplicity:8.67
0.100	0.700	0.100	0.100
0.100	0.100	0.100	0.700
0.100	0.100	0.700	0.100
0.700	0.100	0.100	0.100
0.700	0.100	0.100	0.100
0.100	0.700	0.100	0.100
0.100	0.700	0.100	0.100
0.100	0.100	0.100	0.700
0.100	0.100	0.100	0.700
0.700	0.100	0.100	0.100
0.100	0.700	0.100	0.100
0.700	0.100	0.100	0.100
>TGAGTCAT	1-TGAGTCAT	8.852516	-187.646933	0	T:2392.0(38.30%),B:11987.0(27.12%),P:1e-81	Tpos:2695.3,Tstd:3092.8,Bpos:1611.7,Bstd:984.6,StrandBias:-0.0,Multiplicity:1.44
0.001	0.018	0.001	0.980
0.001	0.001	0.997	0.001
0.997	0.001	0.001	0.001
0.001	0.226	0.678	0.095
0.001	0.001	0.001	0.997
0.001	0.997	0.001	0.001
0.997	0.001	0.001	0.001
0.001	0.163	0.157	0.679
>CAGCTGYY	2-CAGCTGYY	6.624727	-51.844233	0	T:1959.0(31.36%),B:11397.8(25.78%),P:1e-22	Tpos:2864.5,Tstd:3412.1,Bpos:1618.3,Bstd:990.7,StrandBias:0.1,Multiplicity:1.41
0.225	0.566	0.169	0.040
0.527	0.041	0.354	0.078
0.064	0.145	0.680	0.111
0.077	0.772	0.037	0.114
0.133	0.241	0.132	0.494
0.019	0.034	0.833	0.114
0.018	0.317	0.234	0.431
0.009	0.414	0.161	0.416
>ATGAATCA	3-ATGAATCA	9.426225	-47.477485	0	T:1612.0(25.81%),B:9211.0(20.84%),P:1e-20	Tpos:2604.0,Tstd:3016.7,Bpos:1616.0,Bstd:982.7,StrandBias:0.0,Multiplicity:1.30
0.602	0.241	0.156	0.001
0.001	0.001	0.001	0.997
0.001	0.001	0.997	0.001
0.997	0.001	0.001	0.001
0.800	0.001	0.001	0.198
0.001	0.001	0.001	0.997
0.001	0.997	0.001	0.001
0.997	0.001	0.001	0.001
>CTGCCAAG	4-CTGCCAAG	8.451344	-41.242871	0	T:1803.0(28.87%),B:10626.2(24.04%),P:1e-17	Tpos:3064.4,Tstd:3839.7,Bpos:1611.3,Bstd:1001.2,StrandBias:0.1,Multiplicity:1.34
0.059	0.794	0.051	0.096
0.061	0.001	0.001	0.937
0.001	0.001	0.997	0.001
0.049	0.866	0.052	0.033
0.001	0.997	0.001	0.001
0.997	0.001	0.001	0.001
0.854	0.024	0.121	0.001
0.126	0.131	0.742	0.001
>GACGTCTG	5-GACGTCTG	7.298551	-26.745399	0	T:1160.0(18.57%),B:6777.6(15.33%),P:1e-11	Tpos:2821.7,Tstd:3344.0,Bpos:1618.9,Bstd:990.7,StrandBias:0.0,Multiplicity:1.19
0.268	0.001	0.730	0.001
0.805	0.192	0.002	0.001
0.146	0.595	0.182	0.077
0.326	0.001	0.672	0.001
0.162	0.001	0.183	0.654
0.001	0.710	0.077	0.212
0.181	0.115	0.001	0.703
0.001	0.001	0.801	0.197
>AAAGCAGC	6-AAAGCAGC	9.557990	-25.073525	0	T:1329.0(21.28%),B:7939.7(17.96%),P:1e-10	Tpos:2801.9,Tstd:3500.2,Bpos:1624.7,Bstd:986.9,StrandBias:0.0,Multiplicity:1.23
0.739	0.037	0.223	0.001
0.587	0.129	0.283	0.001
0.896	0.001	0.102	0.001
0.001	0.001	0.997	0.001
0.001	0.997	0.001	0.001
0.807	0.172	0.020	0.001
0.132	0.002	0.865	0.001
0.197	0.801	0.001	0.001
>CAKTTCCT	7-CAKTTCCT	8.537393	-23.553547	0	T:1767.0(28.29%),B:10925.3(24.71%),P:1e-10	Tpos:2871.1,Tstd:3446.4,Bpos:1620.2,Bstd:972.3,StrandBias:0.1,Multiplicity:1.32
0.067	0.747	0.001	0.185
0.579	0.001	0.419	0.001
0.001	0.206	0.373	0.420
0.001	0.001	0.001	0.997
0.001	0.001	0.287	0.711
0.001	0.845	0.153	0.001
0.033	0.891	0.042	0.034
0.052	0.124	0.021	0.803
>GAGCCGGC	8-GAGCCGGC	7.775296	-21.750394	0	T:1537.0(24.61%),B:9438.8(21.35%),P:1e-9	Tpos:3265.6,Tstd:3768.3,Bpos:1627.2,Bstd:964.7,StrandBias:-0.0,Multiplicity:1.50
0.100	0.258	0.628	0.014
0.686	0.067	0.145	0.102
0.037	0.077	0.853	0.033
0.048	0.807	0.048	0.097
0.095	0.658	0.048	0.199
0.248	0.039	0.635	0.078
0.060	0.017	0.859	0.064
0.049	0.874	0.041	0.036
>AGCGGCCT	9-AGCGGCCT	9.233282	-19.266392	0	T:1568.0(25.10%),B:9739.6(22.03%),P:1e-8	Tpos:3017.0,Tstd:3374.5,Bpos:1626.1,Bstd:978.8,StrandBias:-0.0,Multiplicity:1.38
0.875	0.037	0.087	0.001
0.058	0.001	0.912	0.029
0.001	0.725	0.120	0.154
0.001	0.001	0.688	0.310
0.026	0.001	0.972	0.001
0.001	0.997	0.001	0.001
0.001	0.901	0.001	0.097
0.001	0.001	0.001	0.997
>CGCTGGCA	10-CGCTGGCA	8.018319	-18.373329	0	T:1300.0(20.81%),B:7970.4(18.03%),P:1e-7	Tpos:3080.5,Tstd:3592.1,Bpos:1622.6,Bstd:992.5,StrandBias:0.1,Multiplicity:1.28
0.159	0.572	0.136	0.133
0.107	0.145	0.482	0.266
0.015	0.798	0.051	0.136
0.076	0.050	0.043	0.831
0.028	0.033	0.930	0.009
0.088	0.167	0.709	0.036
0.017	0.941	0.026	0.016
0.740	0.116	0.042	0.102
>AGTCAGCG	11-AGTCAGCG	8.740856	-18.001116	0	T:1687.0(27.01%),B:10596.2(23.97%),P:1e-7	Tpos:2826.5,Tstd:3321.7,Bpos:1611.8,Bstd:989.4,StrandBias:-0.1,Multiplicity:1.31
0.872	0.045	0.043	0.040
0.001	0.001	0.997	0.001
0.001	0.001	0.001	0.997
0.048	0.950	0.001	0.001
0.944	0.001	0.017	0.038
0.001	0.001	0.997	0.001
0.199	0.720	0.001	0.080
0.180	0.171	0.512	0.137
>CTCGGAGC	12-CTCGGAGC	8.236954	-17.739577	0	T:312.0(5.00%),B:1600.6(3.62%),P:1e-7	Tpos:3182.1,Tstd:3731.6,Bpos:1632.1,Bstd:901.5,StrandBias:0.0,Multiplicity:1.09
0.100	0.700	0.100	0.100
0.100	0.100	0.100	0.700
0.100	0.700	0.100	0.100
0.100	0.100	0.700	0.100
0.100	0.100	0.700	0.100
0.700	0.100	0.100	0.100
0.100	0.100	0.700	0.100
0.100	0.700	0.100	0.100
>CGGCCSTG	13-CGGCCSTG	6.700886	-17.703346	0	T:519.0(8.31%),B:2883.3(6.52%),P:1e-7	Tpos:3807.4,Tstd:4066.1,Bpos:1664.9,Bstd:943.1,StrandBias:-0.0,Multiplicity:1.26
0.280	0.597	0.122	0.001
0.351	0.001	0.535	0.113
0.062	0.112	0.696	0.130
0.001	0.565	0.301	0.133
0.173	0.515	0.077	0.235
0.070	0.522	0.388	0.020
0.139	0.084	0.275	0.502
0.009	0.199	0.732	0.060
>GGCCCGGG	14-GGCCCGGG	8.959699	-16.948164	0	T:567.0(9.08%),B:3206.8(7.25%),P:1e-7	Tpos:3520.7,Tstd:3821.7,Bpos:1642.9,Bstd:853.6,StrandBias:0.0,Multiplicity:1.49
0.078	0.153	0.768	0.001
0.001	0.067	0.931	0.001
0.001	0.876	0.063	0.060
0.077	0.835	0.087	0.001
0.001	0.547	0.116	0.336
0.001	0.288	0.710	0.001
0.001	0.064	0.934	0.001
0.088	0.285	0.626	0.001
>CCGTGGGG	15-CCGTGGGG	8.399403	-15.974883	0	T:693.0(11.10%),B:4043.6(9.15%),P:1e-6	Tpos:3633.7,Tstd:4218.4,Bpos:1648.4,Bstd:941.8,StrandBias:0.2,Multiplicity:1.33
0.115	0.873	0.011	0.001
0.001	0.886	0.112	0.001
0.001	0.184	0.814	0.001
0.077	0.001	0.001	0.921
0.080	0.001	0.918	0.001
0.001	0.079	0.735	0.185
0.099	0.001	0.899	0.001
0.086	0.083	0.766	0.065
>AGAGCTGG	16-AGAGCTGG	10.394360	-15.517645	0	T:1744.0(27.92%),B:11092.2(25.09%),P:1e-6	Tpos:3125.5,Tstd:3543.8,Bpos:1614.7,Bstd:992.9,StrandBias:0.1,Multiplicity:1.45
0.962	0.036	0.001	0.001
0.001	0.001	0.997	0.001
0.760	0.001	0.238	0.001
0.092	0.001	0.906	0.001
0.001	0.997	0.001	0.001
0.001	0.001	0.001	0.997
0.081	0.044	0.874	0.001
0.001	0.001	0.869	0.129
>CTAAACGG	17-CTAAACGG	7.191074	-12.938162	0	T:1246.0(19.95%),B:7824.9(17.70%),P:1e-5	Tpos:2751.0,Tstd:3050.6,Bpos:1610.3,Bstd:967.0,StrandBias:0.0,Multiplicity:1.22
0.101	0.658	0.110	0.131
0.091	0.076	0.068	0.765
0.697	0.066	0.154	0.083
0.894	0.053	0.033	0.020
0.840	0.067	0.071	0.022
0.106	0.812	0.053	0.029
0.259	0.058	0.533	0.150
0.077	0.076	0.804	0.043
>TTCGGAAA	18-TTCGGAAA	8.923242	-12.605927	0	T:1746.0(27.95%),B:11246.1(25.44%),P:1e-5	Tpos:2750.0,Tstd:3156.2,Bpos:1623.7,Bstd:976.3,StrandBias:0.0,Multiplicity:1.29
0.023	0.001	0.001	0.975
0.001	0.071	0.001	0.927
0.150	0.623	0.001	0.226
0.225	0.001	0.613	0.161
0.038	0.024	0.912	0.026
0.997	0.001	0.001	0.001
0.997	0.001	0.001	0.001
0.997	0.001	0.001	0.001
>CTGTGTGV	19-CTGTGTGV	10.121804	-11.857401	0	T:1417.0(22.69%),B:9034.1(20.44%),P:1e-5	Tpos:3007.7,Tstd:3300.2,Bpos:1629.0,Bstd:1000.2,StrandBias:0.0,Multiplicity:1.36
0.001	0.992	0.006	0.001
0.001	0.015	0.001	0.983
0.001	0.001	0.997	0.001
0.001	0.001	0.001	0.997
0.001	0.001	0.997	0.001
0.001	0.001	0.001	0.997
0.001	0.001	0.995	0.003
0.290	0.298	0.396	0.016
>AAACACGC	20-AAACACGC	8.236954	-10.497076	0	T:203.0(3.25%),B:1070.4(2.42%),P:1e-4	Tpos:2921.6,Tstd:3099.3,Bpos:1631.0,Bstd:962.0,StrandBias:0.0,Multiplicity:1.04
0.700	0.100	0.100	0.100
0.700	0.100	0.100	0.100
0.700	0.100	0.100	0.100
0.100	0.700	0.100	0.100
0.700	0.100	0.100	0.100
0.100	0.700	0.100	0.100
0.100	0.100	0.700	0.100
0.100	0.700	0.100	0.100
>GGCCTGGC	21-GGCCTGGC	10.196720	-10.415022	0	T:1581.0(25.31%),B:10230.7(23.14%),P:1e-4	Tpos:3346.2,Tstd:3798.3,Bpos:1628.5,Bstd:978.6,StrandBias:0.0,Multiplicity:1.65
0.001	0.001	0.997	0.001
0.001	0.079	0.817	0.103
0.076	0.779	0.086	0.059
0.001	0.963	0.001	0.035
0.001	0.001	0.001	0.997
0.001	0.001	0.954	0.044
0.065	0.001	0.867	0.067
0.056	0.812	0.131	0.001
>GMCAGCCC	22-GMCAGCCC	8.574194	-10.080519	0	T:805.0(12.89%),B:4985.9(11.28%),P:1e-4	Tpos:3260.2,Tstd:4111.5,Bpos:1615.3,Bstd:990.5,StrandBias:0.1,Multiplicity:1.21
0.030	0.001	0.968	0.001
0.536	0.433	0.002	0.029
0.229	0.582	0.155	0.034
0.889	0.084	0.026	0.001
0.001	0.001	0.963	0.035
0.001	0.675	0.240	0.084
0.001	0.837	0.028	0.134
0.144	0.553	0.174	0.129
>TGTCTGCG	23-TGTCTGCG	8.236954	-8.201026	0	T:235.0(3.76%),B:1320.0(2.99%),P:1e-3	Tpos:2945.4,Tstd:3787.2,Bpos:1631.0,Bstd:926.9,StrandBias:0.1,Multiplicity:1.10
0.100	0.100	0.100	0.700
0.100	0.100	0.700	0.100
0.100	0.100	0.100	0.700
0.100	0.700	0.100	0.100
0.100	0.100	0.100	0.700
0.100	0.100	0.700	0.100
0.100	0.700	0.100	0.100
0.100	0.100	0.700	0.100
>CGCAGAGC	24-CGCAGAGC	8.236954	-6.621898	0	T:318.0(5.09%),B:1898.2(4.29%),P:1e-2	Tpos:2925.6,Tstd:3002.5,Bpos:1637.7,Bstd:913.5,StrandBias:0.1,Multiplicity:1.11
0.100	0.700	0.100	0.100
0.100	0.100	0.700	0.100
0.100	0.700	0.100	0.100
0.700	0.100	0.100	0.100
0.100	0.100	0.700	0.100
0.700	0.100	0.100	0.100
0.100	0.100	0.700	0.100
0.100	0.700	0.100	0.100
>TGTGTGTG	25-TGTGTGTG	8.236954	-0.611335	0	T:2314.0(37.05%),B:16403.8(37.11%),P:1e0	Tpos:3100.5,Tstd:3899.5,Bpos:1618.5,Bstd:989.6,StrandBias:-0.1,Multiplicity:2.13
0.100	0.100	0.100	0.700
0.100	0.100	0.700	0.100
0.100	0.100	0.100	0.700
0.100	0.100	0.700	0.100
0.100	0.100	0.100	0.700
0.100	0.100	0.700	0.100
0.100	0.100	0.100	0.700
0.100	0.100	0.700	0.100
