>TGAGTCAT	1-TGAGTCAT	8.852516	-187.646933	0	T:2392.0(38.30%),B:11987.0(27.12%),P:1e-81	Tpos:2695.3,Tstd:3092.8,Bpos:1611.7,Bstd:984.6,StrandBias:-0.0,Multiplicity:1.44
0.001	0.018	0.001	0.980
0.001	0.001	0.997	0.001
0.997	0.001	0.001	0.001
0.001	0.226	0.678	0.095
0.001	0.001	0.001	0.997
0.001	0.997	0.001	0.001
0.997	0.001	0.001	0.001
0.001	0.163	0.157	0.679
>CAGCTGYY	2-CAGCTGYY	6.624727	-51.844233	0	T:1959.0(31.36%),B:11397.8(25.78%),P:1e-22	Tpos:2864.5,Tstd:3412.1,Bpos:1618.3,Bstd:990.7,StrandBias:0.1,Multiplicity:1.41
0.225	0.566	0.169	0.040
0.527	0.041	0.354	0.078
0.064	0.145	0.680	0.111
0.077	0.772	0.037	0.114
0.133	0.241	0.132	0.494
0.019	0.034	0.833	0.114
0.018	0.317	0.234	0.431
0.009	0.414	0.161	0.416
>ATGAATCA	3-ATGAATCA	9.426225	-47.477485	0	T:1612.0(25.81%),B:9211.0(20.84%),P:1e-20	Tpos:2604.0,Tstd:3016.7,Bpos:1616.0,Bstd:982.7,StrandBias:0.0,Multiplicity:1.30
0.602	0.241	0.156	0.001
0.001	0.001	0.001	0.997
0.001	0.001	0.997	0.001
0.997	0.001	0.001	0.001
0.800	0.001	0.001	0.198
0.001	0.001	0.001	0.997
0.001	0.997	0.001	0.001
0.997	0.001	0.001	0.001
>CTGCCAAG	4-CTGCCAAG	8.451344	-41.242871	0	T:1803.0(28.87%),B:10626.2(24.04%),P:1e-17	Tpos:3064.4,Tstd:3839.7,Bpos:1611.3,Bstd:1001.2,StrandBias:0.1,Multiplicity:1.34
0.059	0.794	0.051	0.096
0.061	0.001	0.001	0.937
0.001	0.001	0.997	0.001
0.049	0.866	0.052	0.033
0.001	0.997	0.001	0.001
0.997	0.001	0.001	0.001
0.854	0.024	0.121	0.001
0.126	0.131	0.742	0.001
>GACGTCTG	5-GACGTCTG	7.298551	-26.745399	0	T:1160.0(18.57%),B:6777.6(15.33%),P:1e-11	Tpos:2821.7,Tstd:3344.0,Bpos:1618.9,Bstd:990.7,StrandBias:0.0,Multiplicity:1.19
0.268	0.001	0.730	0.001
0.805	0.192	0.002	0.001
0.146	0.595	0.182	0.077
0.326	0.001	0.672	0.001
0.162	0.001	0.183	0.654
0.001	0.710	0.077	0.212
0.181	0.115	0.001	0.703
0.001	0.001	0.801	0.197
>AAAGCAGC	6-AAAGCAGC	9.557990	-25.073525	0	T:1329.0(21.28%),B:7939.7(17.96%),P:1e-10	Tpos:2801.9,Tstd:3500.2,Bpos:1624.7,Bstd:986.9,StrandBias:0.0,Multiplicity:1.23
0.739	0.037	0.223	0.001
0.587	0.129	0.283	0.001
0.896	0.001	0.102	0.001
0.001	0.001	0.997	0.001
0.001	0.997	0.001	0.001
0.807	0.172	0.020	0.001
0.132	0.002	0.865	0.001
0.197	0.801	0.001	0.001
>CAKTTCCT	7-CAKTTCCT	8.537393	-23.553547	0	T:1767.0(28.29%),B:10925.3(24.71%),P:1e-10	Tpos:2871.1,Tstd:3446.4,Bpos:1620.2,Bstd:972.3,StrandBias:0.1,Multiplicity:1.32
0.067	0.747	0.001	0.185
0.579	0.001	0.419	0.001
0.001	0.206	0.373	0.420
0.001	0.001	0.001	0.997
0.001	0.001	0.287	0.711
0.001	0.845	0.153	0.001
0.033	0.891	0.042	0.034
0.052	0.124	0.021	0.803
>GAGCCGGC	8-GAGCCGGC	7.775296	-21.750394	0	T:1537.0(24.61%),B:9438.8(21.35%),P:1e-9	Tpos:3265.6,Tstd:3768.3,Bpos:1627.2,Bstd:964.7,StrandBias:-0.0,Multiplicity:1.50
0.100	0.258	0.628	0.014
0.686	0.067	0.145	0.102
0.037	0.077	0.853	0.033
0.048	0.807	0.048	0.097
0.095	0.658	0.048	0.199
0.248	0.039	0.635	0.078
0.060	0.017	0.859	0.064
0.049	0.874	0.041	0.036
>AGCGGCCT	9-AGCGGCCT	9.233282	-19.266392	0	T:1568.0(25.10%),B:9739.6(22.03%),P:1e-8	Tpos:3017.0,Tstd:3374.5,Bpos:1626.1,Bstd:978.8,StrandBias:-0.0,Multiplicity:1.38
0.875	0.037	0.087	0.001
0.058	0.001	0.912	0.029
0.001	0.725	0.120	0.154
0.001	0.001	0.688	0.310
0.026	0.001	0.972	0.001
0.001	0.997	0.001	0.001
0.001	0.901	0.001	0.097
0.001	0.001	0.001	0.997
>CGCTGGCA	10-CGCTGGCA	8.018319	-18.373329	0	T:1300.0(20.81%),B:7970.4(18.03%),P:1e-7	Tpos:3080.5,Tstd:3592.1,Bpos:1622.6,Bstd:992.5,StrandBias:0.1,Multiplicity:1.28
0.159	0.572	0.136	0.133
0.107	0.145	0.482	0.266
0.015	0.798	0.051	0.136
0.076	0.050	0.043	0.831
0.028	0.033	0.930	0.009
0.088	0.167	0.709	0.036
0.017	0.941	0.026	0.016
0.740	0.116	0.042	0.102
>AGTCAGCG	11-AGTCAGCG	8.740856	-18.001116	0	T:1687.0(27.01%),B:10596.2(23.97%),P:1e-7	Tpos:2826.5,Tstd:3321.7,Bpos:1611.8,Bstd:989.4,StrandBias:-0.1,Multiplicity:1.31
0.872	0.045	0.043	0.040
0.001	0.001	0.997	0.001
0.001	0.001	0.001	0.997
0.048	0.950	0.001	0.001
0.944	0.001	0.017	0.038
0.001	0.001	0.997	0.001
0.199	0.720	0.001	0.080
0.180	0.171	0.512	0.137
>CTCGGAGC	12-CTCGGAGC	8.236954	-17.739577	0	T:312.0(5.00%),B:1600.6(3.62%),P:1e-7	Tpos:3182.1,Tstd:3731.6,Bpos:1632.1,Bstd:901.5,StrandBias:0.0,Multiplicity:1.09
0.100	0.700	0.100	0.100
0.100	0.100	0.100	0.700
0.100	0.700	0.100	0.100
0.100	0.100	0.700	0.100
0.100	0.100	0.700	0.100
0.700	0.100	0.100	0.100
0.100	0.100	0.700	0.100
0.100	0.700	0.100	0.100
>CGGCCSTG	13-CGGCCSTG	6.700886	-17.703346	0	T:519.0(8.31%),B:2883.3(6.52%),P:1e-7	Tpos:3807.4,Tstd:4066.1,Bpos:1664.9,Bstd:943.1,StrandBias:-0.0,Multiplicity:1.26
0.280	0.597	0.122	0.001
0.351	0.001	0.535	0.113
0.062	0.112	0.696	0.130
0.001	0.565	0.301	0.133
0.173	0.515	0.077	0.235
0.070	0.522	0.388	0.020
0.139	0.084	0.275	0.502
0.009	0.199	0.732	0.060
>GGCCCGGG	14-GGCCCGGG	8.959699	-16.948164	0	T:567.0(9.08%),B:3206.8(7.25%),P:1e-7	Tpos:3520.7,Tstd:3821.7,Bpos:1642.9,Bstd:853.6,StrandBias:0.0,Multiplicity:1.49
0.078	0.153	0.768	0.001
0.001	0.067	0.931	0.001
0.001	0.876	0.063	0.060
0.077	0.835	0.087	0.001
0.001	0.547	0.116	0.336
0.001	0.288	0.710	0.001
0.001	0.064	0.934	0.001
0.088	0.285	0.626	0.001
>CCGTGGGG	15-CCGTGGGG	8.399403	-15.974883	0	T:693.0(11.10%),B:4043.6(9.15%),P:1e-6	Tpos:3633.7,Tstd:4218.4,Bpos:1648.4,Bstd:941.8,StrandBias:0.2,Multiplicity:1.33
0.115	0.873	0.011	0.001
0.001	0.886	0.112	0.001
0.001	0.184	0.814	0.001
0.077	0.001	0.001	0.921
0.080	0.001	0.918	0.001
0.001	0.079	0.735	0.185
0.099	0.001	0.899	0.001
0.086	0.083	0.766	0.065
>AGAGCTGG	16-AGAGCTGG	10.394360	-15.517645	0	T:1744.0(27.92%),B:11092.2(25.09%),P:1e-6	Tpos:3125.5,Tstd:3543.8,Bpos:1614.7,Bstd:992.9,StrandBias:0.1,Multiplicity:1.45
0.962	0.036	0.001	0.001
0.001	0.001	0.997	0.001
0.760	0.001	0.238	0.001
0.092	0.001	0.906	0.001
0.001	0.997	0.001	0.001
0.001	0.001	0.001	0.997
0.081	0.044	0.874	0.001
0.001	0.001	0.869	0.129
>CTAAACGG	17-CTAAACGG	7.191074	-12.938162	0	T:1246.0(19.95%),B:7824.9(17.70%),P:1e-5	Tpos:2751.0,Tstd:3050.6,Bpos:1610.3,Bstd:967.0,StrandBias:0.0,Multiplicity:1.22
0.101	0.658	0.110	0.131
0.091	0.076	0.068	0.765
0.697	0.066	0.154	0.083
0.894	0.053	0.033	0.020
0.840	0.067	0.071	0.022
0.106	0.812	0.053	0.029
0.259	0.058	0.533	0.150
0.077	0.076	0.804	0.043
>TTCGGAAA	18-TTCGGAAA	8.923242	-12.605927	0	T:1746.0(27.95%),B:11246.1(25.44%),P:1e-5	Tpos:2750.0,Tstd:3156.2,Bpos:1623.7,Bstd:976.3,StrandBias:0.0,Multiplicity:1.29
0.023	0.001	0.001	0.975
0.001	0.071	0.001	0.927
0.150	0.623	0.001	0.226
0.225	0.001	0.613	0.161
0.038	0.024	0.912	0.026
0.997	0.001	0.001	0.001
0.997	0.001	0.001	0.001
0.997	0.001	0.001	0.001
>CTGTGTGV	19-CTGTGTGV	10.121804	-11.857401	0	T:1417.0(22.69%),B:9034.1(20.44%),P:1e-5	Tpos:3007.7,Tstd:3300.2,Bpos:1629.0,Bstd:1000.2,StrandBias:0.0,Multiplicity:1.36
0.001	0.992	0.006	0.001
0.001	0.015	0.001	0.983
0.001	0.001	0.997	0.001
0.001	0.001	0.001	0.997
0.001	0.001	0.997	0.001
0.001	0.001	0.001	0.997
0.001	0.001	0.995	0.003
0.290	0.298	0.396	0.016
>AAACACGC	20-AAACACGC	8.236954	-10.497076	0	T:203.0(3.25%),B:1070.4(2.42%),P:1e-4	Tpos:2921.6,Tstd:3099.3,Bpos:1631.0,Bstd:962.0,StrandBias:0.0,Multiplicity:1.04
0.700	0.100	0.100	0.100
0.700	0.100	0.100	0.100
0.700	0.100	0.100	0.100
0.100	0.700	0.100	0.100
0.700	0.100	0.100	0.100
0.100	0.700	0.100	0.100
0.100	0.100	0.700	0.100
0.100	0.700	0.100	0.100
>GGCCTGGC	21-GGCCTGGC	10.196720	-10.415022	0	T:1581.0(25.31%),B:10230.7(23.14%),P:1e-4	Tpos:3346.2,Tstd:3798.3,Bpos:1628.5,Bstd:978.6,StrandBias:0.0,Multiplicity:1.65
0.001	0.001	0.997	0.001
0.001	0.079	0.817	0.103
0.076	0.779	0.086	0.059
0.001	0.963	0.001	0.035
0.001	0.001	0.001	0.997
0.001	0.001	0.954	0.044
0.065	0.001	0.867	0.067
0.056	0.812	0.131	0.001
>GMCAGCCC	22-GMCAGCCC	8.574194	-10.080519	0	T:805.0(12.89%),B:4985.9(11.28%),P:1e-4	Tpos:3260.2,Tstd:4111.5,Bpos:1615.3,Bstd:990.5,StrandBias:0.1,Multiplicity:1.21
0.030	0.001	0.968	0.001
0.536	0.433	0.002	0.029
0.229	0.582	0.155	0.034
0.889	0.084	0.026	0.001
0.001	0.001	0.963	0.035
0.001	0.675	0.240	0.084
0.001	0.837	0.028	0.134
0.144	0.553	0.174	0.129
>TGTCTGCG	23-TGTCTGCG	8.236954	-8.201026	0	T:235.0(3.76%),B:1320.0(2.99%),P:1e-3	Tpos:2945.4,Tstd:3787.2,Bpos:1631.0,Bstd:926.9,StrandBias:0.1,Multiplicity:1.10
0.100	0.100	0.100	0.700
0.100	0.100	0.700	0.100
0.100	0.100	0.100	0.700
0.100	0.700	0.100	0.100
0.100	0.100	0.100	0.700
0.100	0.100	0.700	0.100
0.100	0.700	0.100	0.100
0.100	0.100	0.700	0.100
>CGCAGAGC	24-CGCAGAGC	8.236954	-6.621898	0	T:318.0(5.09%),B:1898.2(4.29%),P:1e-2	Tpos:2925.6,Tstd:3002.5,Bpos:1637.7,Bstd:913.5,StrandBias:0.1,Multiplicity:1.11
0.100	0.700	0.100	0.100
0.100	0.100	0.700	0.100
0.100	0.700	0.100	0.100
0.700	0.100	0.100	0.100
0.100	0.100	0.700	0.100
0.700	0.100	0.100	0.100
0.100	0.100	0.700	0.100
0.100	0.700	0.100	0.100
>TGTGTGTG	25-TGTGTGTG	8.236954	-0.611335	0	T:2314.0(37.05%),B:16403.8(37.11%),P:1e0	Tpos:3100.5,Tstd:3899.5,Bpos:1618.5,Bstd:989.6,StrandBias:-0.1,Multiplicity:2.13
0.100	0.100	0.100	0.700
0.100	0.100	0.700	0.100
0.100	0.100	0.100	0.700
0.100	0.100	0.700	0.100
0.100	0.100	0.100	0.700
0.100	0.100	0.700	0.100
0.100	0.100	0.100	0.700
0.100	0.100	0.700	0.100
